This design was downloaded from: http://web.maths.unsw.edu.au/~rsw/Sphere/Energy/index.html
                            Catesian Coordinates               		|     Weights
	x		|	y		|	z	    	|	w 
0.00000000000000E+00	0.00000000000000E+00	1.00000000000000E+00	7.34899668855342E-02
6.99228571899167E-01	0.00000000000000E+00	7.14898177532892E-01	7.20523714893857E-02
4.74416314658739E-01	-1.32996626453464E-01	8.70195988118548E-01	7.40939176020011E-02
-8.64868922100383E-01	1.46401721350036E-01	4.80175263388969E-01	7.15618830145615E-02
-2.27114200957966E-02	7.45036513427145E-01	6.66636921462916E-01	7.60644773244712E-02
4.42648163665620E-01	-7.55441420359065E-01	4.83084737504024E-01	7.20523276801475E-02
-2.08299608485373E-01	9.47585985903403E-01	2.42264467936002E-01	7.77783238338256E-02
5.04156953683535E-01	1.43247705569530E-01	8.51648907062999E-01	7.25032209159265E-02
-4.09406146593531E-01	7.71924757636761E-01	-4.86331960371577E-01	7.26149507438316E-02
3.10552718047802E-01	8.96696847600166E-01	3.15423164680474E-01	7.79204996190782E-02
-3.28253613528345E-02	-9.23577709173083E-01	-3.82003548112651E-01	7.34865104022874E-02
-9.45988134463093E-01	3.24074805912861E-01	-9.05370794635944E-03	7.47190757713393E-02
5.20208694214990E-01	7.35400982192548E-01	4.34244527718392E-01	7.35155389792960E-02
5.32564765493500E-01	8.29902970529770E-01	-1.66240278093834E-01	7.72770120658791E-02
2.06042199487520E-01	-2.09864250519048E-01	9.55773827003241E-01	7.65916205485251E-02
9.34778584148325E-01	-2.38961459873654E-01	2.62842955607915E-01	7.63563573857677E-02
-5.24553881841081E-02	5.19533793620345E-01	8.52838243476983E-01	7.29859367147252E-02
-4.76052797155556E-01	-1.87076970491504E-01	-8.59288043342912E-01	7.46543734802462E-02
1.80769003177715E-01	-8.08893109664466E-01	5.59476992044788E-01	7.25033540259220E-02
-6.21622597498258E-01	2.73671623853011E-01	-7.33954486720514E-01	7.57859285052791E-02
4.87695777793102E-01	-6.88294340013500E-01	-5.37032335924160E-01	7.73922410199348E-02
-2.59201338900064E-01	8.31660084456095E-01	4.91076541727350E-01	7.25564546805784E-02
-4.53929796851551E-01	1.87459358611357E-01	8.71095131658608E-01	7.50056210481128E-02
-5.46389797940095E-01	4.40478395122777E-01	7.12346104177627E-01	7.21490021718243E-02
9.71196010939045E-01	-9.15871658753849E-02	-2.19977497446897E-01	7.68518689352466E-02
-7.23521217296200E-01	-6.16474301133488E-01	3.10606638957057E-01	7.41934495129227E-02
9.46524910999558E-01	5.90397292384740E-02	3.17182759980306E-01	7.32004896415875E-02
4.70069919165603E-01	7.56441819177497E-01	-4.54785713600462E-01	7.34233042228094E-02
-1.32090185145486E-01	8.25630002922755E-01	-5.48531932764175E-01	7.46543232086983E-02
1.14543120470983E-01	9.88688850795613E-01	-9.68206066145971E-02	7.35250984230819E-02
9.59891440589000E-01	1.85587008081763E-01	-2.10156809823598E-01	7.42989569293047E-02
-3.09681838361930E-01	4.23739274713769E-01	8.51200438236390E-01	7.18969213851528E-02
-2.72456609014178E-01	6.45809011096830E-01	-7.13230760266709E-01	7.46462796647929E-02
-1.59027483862159E-01	2.22245444455056E-01	9.61934104705434E-01	7.23559205156497E-02
6.78155847872143E-01	-7.31109878496143E-01	7.47194189094623E-02	7.32004717333671E-02
-8.83710803273500E-01	3.67321607905708E-01	2.90051810101693E-01	7.51151496323298E-02
4.63508132000569E-01	-8.56688503644138E-01	2.26373627645335E-01	7.65922294077294E-02
3.48470858408711E-01	9.36857134195951E-01	2.94409739316512E-02	7.30004217614323E-02
-9.96301208235752E-01	6.01620911484336E-02	-6.13549122452875E-02	7.08001764231076E-02
-1.72336423306260E-01	-5.07404497483139E-01	8.44299018793630E-01	7.34899518522615E-02
-5.21096523068439E-01	6.63966219478004E-01	5.36290288032582E-01	7.73051788622592E-02
5.09155960844688E-01	-4.80744287328812E-01	-7.13894346340573E-01	7.08018172131534E-02
-9.71423790940059E-01	1.09069951630976E-01	2.10806935480928E-01	7.51150974259625E-02
-9.01692626247649E-01	-4.24075286639750E-01	-8.43241307813496E-02	7.47912942700595E-02
-9.60329545974000E-01	-1.71915405751567E-01	-2.19572895400692E-01	7.65538936948146E-02
8.24061983636328E-01	-5.56882657637157E-01	-1.03940140217035E-01	7.26820473767787E-02
7.06717474753650E-01	4.97672219003378E-01	5.02864567562755E-01	7.30342693549619E-02
8.70648179401612E-01	-1.52170251885895E-01	-4.67777684531487E-01	6.70879200205386E-02
4.59342336408747E-01	-8.86963464122164E-01	-4.79628115831668E-02	7.53929995306217E-02
-5.23640324091979E-01	-7.72655222864635E-01	-3.58893741328610E-01	7.22190009625873E-02
3.05001924308505E-01	-1.07078509290177E-01	-9.46312854724219E-01	7.45210393933107E-02
2.62560449112522E-01	7.71115374332132E-02	9.61829413854929E-01	7.26072256773365E-02
3.08648615372619E-01	-6.21061746803771E-01	7.20429274034316E-01	7.40938450763896E-02
1.19888515032957E-01	-4.63523839264058E-01	8.77936440977989E-01	7.65917234258354E-02
8.17212416266175E-01	1.84710887284425E-01	5.45935669121371E-01	7.65920748566666E-02
7.20303242660037E-02	9.81158029598761E-01	1.79277866285858E-01	7.22191027640240E-02
8.73776951681122E-01	4.48428050032886E-01	-1.88218284591450E-01	7.73922297125196E-02
6.03129581437016E-01	5.31837740598752E-01	-5.94460533316066E-01	7.78202782306270E-02
-5.63406692408851E-01	-6.14599395375237E-02	8.23890511403646E-01	7.10235466572673E-02
-2.21547079192035E-01	-6.11812250797100E-01	-7.59343572749558E-01	7.21753931562969E-02
2.15793690469080E-01	-8.33375286721415E-01	-5.08840559149655E-01	7.39723738816721E-02
3.39481760672418E-02	-5.27610105565024E-01	-8.48808045347928E-01	7.34233148178791E-02
-5.59281319075473E-01	-8.24112028568253E-01	-8.96870698725114E-02	7.47223459554720E-02
6.30569818226803E-01	3.31118698200459E-01	7.01955918874859E-01	7.41223507306699E-02
4.76361516772910E-02	2.78202235840654E-01	-9.59340561545606E-01	6.65078982626409E-02
7.31935859714461E-01	6.28477329595857E-01	2.63222611962026E-01	7.58472815610092E-02
-4.07308396619889E-01	9.12942367762650E-01	2.52210861554630E-02	7.20932345037503E-02
4.70045972785351E-01	3.78849273511163E-01	-7.97201361908229E-01	7.45209564816822E-02
-3.24158931097250E-01	-9.45101934166219E-01	4.12713147980278E-02	7.35818373177048E-02
-4.60268583414141E-01	9.28457617717277E-02	-8.82911374738692E-01	7.46462754486860E-02
2.95180855609909E-01	9.09568415995660E-01	-2.92495400142542E-01	7.21754508030779E-02
7.89989712905595E-01	-4.08589438683048E-01	4.57133376707505E-01	7.25931870903750E-02
-6.81027637957929E-01	-2.77917717523250E-02	-7.31730123584036E-01	7.26149866068337E-02
-6.46086299695526E-03	-7.57128650936278E-01	-6.53233850302283E-01	7.72770636740620E-02
-6.42756959062853E-01	7.63104310520863E-01	6.73446571061939E-02	7.65539088495909E-02
-4.76996536585211E-01	8.26345844000115E-01	2.99377437676004E-01	7.47912536904210E-02
8.45377573094992E-01	-5.02181721570981E-01	1.82072176424698E-01	7.63564573840443E-02
-6.88910025943624E-01	1.82059509396395E-01	7.01610512458798E-01	7.71280991447889E-02
5.76966892265327E-01	-5.39218698715851E-01	6.13475672039955E-01	7.64871874702033E-02
-8.61687887624335E-01	-1.21934765391456E-01	-4.92570702854362E-01	7.40168438081657E-02
-8.12309357003317E-01	-3.42460944612331E-01	4.72095339883890E-01	7.21490529519160E-02
-6.22744648401186E-01	-3.09577015442307E-01	7.18575795861171E-01	7.50057010784887E-02
-8.87013528860453E-01	-4.13396739292659E-01	2.05694276927488E-01	7.73051427758795E-02
8.49298645152968E-01	-1.27340419220950E-01	5.12324339626729E-01	7.53842521184084E-02
-4.19286047315758E-01	-5.44025796496756E-01	7.26797869611900E-01	7.23559146561454E-02
-8.29473195784377E-01	5.51350968181828E-01	8.93662540347970E-02	7.08003513598989E-02
-8.15025820902628E-01	1.50538410945274E-01	-5.59527566874115E-01	7.39398036229586E-02
-2.49228286315645E-01	-8.22928199663343E-01	-5.10562865374103E-01	7.30004021546951E-02
-4.79449864631721E-01	-4.38632098478596E-01	-7.60085330399743E-01	7.15124591616698E-02
-1.51856233722161E-01	9.87539253502238E-01	-4.13026279062468E-02	7.26853883466702E-02
7.18930126201449E-01	-3.34601147034145E-01	-6.09246703760801E-01	7.81544190432209E-02
6.64020752475619E-01	-2.82908706871050E-01	6.92126508564917E-01	7.64870739811323E-02
9.48827917507004E-01	-3.14874297045082E-01	-2.40782063220166E-02	7.21846387345382E-02
-3.78869881978636E-01	3.86684543661328E-01	-8.40792885449754E-01	7.27320151548333E-02
4.71420583521567E-01	5.79736802352764E-01	6.64580975826104E-01	7.73856622069085E-02
-7.41218448838925E-01	4.20516335624059E-01	5.23221963008178E-01	7.59442110674683E-02
-2.88539572168987E-01	9.16324561101242E-01	-2.77658448485100E-01	7.92229505331495E-02
6.70519787039706E-01	-6.53712914655765E-01	3.50802851186374E-01	7.53841615236825E-02
-7.61462809942423E-01	-6.47134717939140E-01	3.72967279049737E-02	7.25564034791578E-02
-1.10425651098543E-01	4.82614436307843E-01	-8.68843761240607E-01	7.59793954186384E-02
2.05749069205671E-01	-9.77313636390005E-01	5.02531257450072E-02	7.30342921610960E-02
6.95896131213472E-01	6.37746437884540E-01	-3.30163679903925E-01	7.38793061580034E-02
2.61345789481962E-01	7.78782979548688E-01	5.70259106972713E-01	7.35819138793149E-02
2.02931603215573E-01	5.93535065524604E-01	7.78803499227540E-01	7.32262545221250E-02
-2.92818474343692E-01	6.51634881406406E-01	6.99735180205690E-01	7.41934764835911E-02
3.41233504282018E-03	-6.85891003199790E-01	7.27696288089433E-01	7.26071457414245E-02
8.75342834639739E-01	4.76393427954627E-01	8.26088593705602E-02	6.83196625870338E-02
6.50202146247834E-01	-7.25594381709756E-01	-2.25277522726849E-01	7.62898723712253E-02
7.29928905357033E-01	-3.85047481252700E-02	-6.82437672975410E-01	7.38625848907778E-02
8.74708279244673E-01	1.24047102409567E-01	-4.68505861867931E-01	7.81543959076798E-02
2.56920633679754E-02	8.98207400442516E-01	4.38820445820603E-01	7.47223088685823E-02
-3.77849633808011E-01	-2.95473225993057E-01	8.77453831806783E-01	7.67727494296547E-02
-2.27971518052014E-01	-3.67933423718871E-01	-9.01473229035432E-01	7.87654311263408E-02
7.08780776457867E-01	-5.53747487844278E-01	-4.37028066181033E-01	7.42989137695994E-02
3.62560470714162E-01	3.79865983778715E-01	8.51029811136692E-01	7.25246973587757E-02
4.64760488493866E-02	3.79406417734016E-03	-9.98912199325029E-01	7.75167199414706E-02
5.36675883304429E-01	-2.13863769965634E-01	-8.16236046848885E-01	7.41048354448779E-02
-2.49567313374221E-01	-7.42881620451297E-01	6.21162663149378E-01	7.94893647314974E-02
-9.40075004373733E-01	1.16069523216219E-01	-3.20603886333407E-01	7.37504388214611E-02
-6.35282012482315E-01	-5.34915226149956E-01	5.57030039988293E-01	7.18968924041716E-02
-5.86236245581222E-02	-9.80856022753001E-01	1.85700655014546E-01	7.73857369101445E-02
4.04683578006760E-02	6.80549071569813E-01	-7.31584084847654E-01	7.28143194711820E-02
3.84497800863098E-02	-2.68959757331668E-01	-9.62383636263317E-01	7.22369763048890E-02
-8.83822813189232E-01	3.82735677949385E-01	-2.69017909647099E-01	7.95204509049992E-02
2.61882577253898E-01	-6.40098995410729E-01	-7.22281656838266E-01	7.38792752580873E-02
4.26585372379295E-01	-8.44869260841219E-01	-3.22832545071943E-01	6.83196891432842E-02
-5.51689121097961E-01	-8.12418647027715E-01	1.88719515747084E-01	7.60644616950556E-02
-2.23382908076231E-01	-9.62903404183650E-02	-9.69963013068808E-01	7.28143246037586E-02
6.95083371000427E-01	2.52525119602120E-01	-6.73119730307035E-01	7.41048502235858E-02
1.93994270112428E-01	-9.55368610715855E-01	-2.22793718094569E-01	7.58473646364922E-02
8.75287384656182E-01	-3.73967402427874E-01	-3.06627422425143E-01	7.68520137167470E-02
1.77511122358157E-01	8.25906392913215E-01	-5.35134031420381E-01	7.87653906525559E-02
-9.03797845188956E-02	-2.63974245286548E-01	9.60285943027239E-01	7.32098993761667E-02
-7.03215187647482E-01	6.29704243352198E-01	3.30092359448308E-01	7.35193246412406E-02
-7.00275030368961E-01	-2.95927712930267E-01	-6.49647343226777E-01	7.92228769306392E-02
8.78122153602280E-01	3.46036564882059E-01	3.30393975607180E-01	7.53931296030295E-02
4.12922512051780E-01	-3.92445604025375E-01	8.21876783296623E-01	7.23747418650408E-02
-1.06594534181964E-02	9.41605651463568E-01	-3.36548916481236E-01	7.15124627550823E-02
-4.45884463103594E-01	-6.61359204292435E-01	-6.03150933399340E-01	7.35251214640141E-02
-6.66000958313890E-02	-8.83697775778258E-01	4.63295443879829E-01	7.25246691853214E-02
5.32347697639232E-01	7.78538356470357E-02	-8.42938140727569E-01	7.48443202948128E-02
-7.42497656419357E-01	-6.25235958655777E-01	-2.40368937709414E-01	7.77784382703277E-02
3.01763811165177E-01	1.84528488319807E-01	-9.35354392339862E-01	7.43003075635169E-02
3.48024413864331E-01	6.42501329482889E-01	-6.82693964355265E-01	7.22369675729666E-02
2.91838846688319E-01	-3.84677259272276E-01	-8.75701715061927E-01	7.78202140915160E-02
2.07631076251784E-01	4.78270687126669E-01	-8.53314998116117E-01	7.75167470265059E-02
-2.91049768687313E-01	-3.99107787650456E-02	9.55875076506040E-01	7.67727601059188E-02
-9.79616141294031E-01	-1.84098857806592E-01	8.03730444272219E-02	7.35193227802401E-02
9.72505982423090E-01	2.23354639999616E-01	6.59152405892673E-02	7.62897211376116E-02
-4.81202893607406E-01	-7.42815615164958E-01	4.65476892069803E-01	7.29859563651277E-02
-6.70390445948897E-01	-5.39163219246994E-01	-5.09783947365602E-01	7.26854441265590E-02
7.30360966963425E-01	6.81646405576385E-01	-4.39435513021455E-02	7.39723745340481E-02
-2.10673358516469E-01	1.87460319617754E-01	-9.59414073578348E-01	7.59793477025095E-02
-7.80661659576609E-01	-8.80818716712637E-02	6.18715570476435E-01	7.71280249684619E-02
2.03354575673251E-01	-9.26716862569723E-01	3.15979070796911E-01	7.41222077330118E-02
-3.06643566531821E-01	-9.20494773539444E-01	-2.42196397560348E-01	7.79205727167720E-02
-5.43950448389443E-01	8.13563209930956E-01	-2.05506236264891E-01	7.40167376968429E-02
-6.68695675956888E-02	-9.93116682281649E-01	-9.61650472024828E-02	7.35155012776633E-02
-9.26170498821491E-01	-1.24033237360926E-01	3.56123522310051E-01	7.59442674850290E-02
-6.47674264666930E-01	6.43257759437418E-01	-4.08335036228465E-01	7.39397655467755E-02
8.05060739275020E-01	3.90470891212683E-01	-4.46553120237144E-01	7.08018547171752E-02
-7.56382707000822E-01	4.12647862168867E-01	-5.07549940791614E-01	7.09100110908076E-02
-3.03332494554069E-01	-8.97043097308292E-01	3.21407963994594E-01	7.32262434256136E-02
5.57965747164998E-01	8.15869616943761E-01	1.51759655833313E-01	7.34865498583918E-02
-7.70689063891210E-01	6.14782599840692E-01	-1.67573034022806E-01	7.37503771021554E-02
-8.46684787305346E-01	-3.80698608167443E-01	-3.71743783653569E-01	7.20931457751946E-02
9.97540139975659E-01	-4.61165826743870E-02	5.27913813020493E-02	7.26822597997062E-02
1.08202863053829E-01	3.10490970533118E-01	9.44397955125039E-01	7.94893335949499E-02
-5.30258204241785E-01	5.42668545978300E-01	-6.51411610304939E-01	7.57858403867997E-02
			
			
			
			
			
			
			
			
			
			
			
			
			
			
			
			
			
			
			
			
			
			
			
			
			
			
			
			
			
			
			
			
			
			
			
			
			
			
			
			
			
			
			
			
			
			
			
			
			
			
			
			
			
			
			
			
			
			
			
			
			
			
			
			
			
			
			
			
			
			
			
			
			
			
			
			
			
			
			
			
			
			
			
			
			
			
			
