This design was downloaded from: http://web.maths.unsw.edu.au/~rsw/Sphere/Energy/index.html
                                     catesian coordinates                   |        weights
	x		  |	y		   |		z	    |		w 
0.00000000000000E+00	0.00000000000000E+00	1.00000000000000E+00	1.41002221530149E+00
7.03648395804131E-01	0.00000000000000E+00	-7.10548334092954E-01	1.36874577418339E+00
-3.51824197902061E-01	-8.66025403784440E-01	3.55274167046475E-01	1.36874577418339E+00
-3.51824197902068E-01	8.66025403784437E-01	3.55274167046476E-01	1.36874577418339E+00
-2.49988097712902E-01	-6.15352907941210E-01	-7.47560532458864E-01	1.41002221530149E+00
-9.99952390851610E-01	-3.87415375479313E-15	9.75787016454598E-03	1.41002221530149E+00
-2.49988097712905E-01	6.15352907941209E-01	-7.47560532458863E-01	1.41002221530149E+00
7.49964293138705E-01	6.15352907941213E-01	2.42681597376590E-01	1.41002221530149E+00
7.49964293138710E-01	-6.15352907941206E-01	2.42681597376593E-01	1.41002221530149E+00
