This design was downloaded from: http://web.maths.unsw.edu.au/~rsw/Sphere/Energy/index.html
                            Catesian Coordinates               		|     Weights
	x		|	y		|	z	    	|	w 
0.00000000000000E+00	0.00000000000000E+00	1.00000000000000E+00	1.29000000000000E-02
1.26893349164404E-01	0.00000000000000E+00	9.91916366402853E-01	1.28000000000000E-02
6.87235081789285E-02	1.00166892437710E-01	9.92594415198349E-01	1.33000000000000E-02
2.13106531168492E-02	2.13255120228967E-01	9.76764101387771E-01	1.34000000000000E-02
-5.52761067239944E-02	1.12182924575881E-01	9.92148952254166E-01	1.36000000000000E-02
-1.25992136932691E-01	1.43076578925134E-02	9.91928058055000E-01	1.28000000000000E-02
-2.41323354843761E-01	6.52103592757914E-03	9.70422853449661E-01	1.31000000000000E-02
-5.82261974628904E-02	-9.68074581622993E-02	9.93598523536124E-01	1.34000000000000E-02
1.19853497374901E-01	-2.10809697726239E-01	9.70151746126128E-01	1.35000000000000E-02
5.23509286467382E-02	-1.12017677939420E-01	9.92326266960058E-01	1.25000000000000E-02
2.45178636635283E-01	1.86509882485629E-01	9.51368225175121E-01	1.12000000000000E-02
1.34747769038690E-01	2.07308088504565E-01	9.68951183073574E-01	1.24000000000000E-02
-4.06367792950374E-02	3.14633600757307E-01	9.48342949276799E-01	1.35000000000000E-02
-1.02365117621871E-01	2.23349588602996E-01	9.69348412060974E-01	1.26000000000000E-02
-2.29319313013945E-01	2.20986433889703E-01	9.47933356684700E-01	1.36000000000000E-02
-1.77092640340255E-01	1.22095887681090E-01	9.76591414537668E-01	1.32000000000000E-02
-3.04963619695381E-01	-9.84436465943671E-02	9.47262391899675E-01	1.28000000000000E-02
-1.81860247795086E-01	-9.42016024231036E-02	9.78801771745857E-01	1.28000000000000E-02
-1.19009347093204E-01	-1.86948481605733E-01	9.75134370499655E-01	1.04000000000000E-02
-1.16301465610086E-01	-2.91307117836451E-01	9.49533639317094E-01	1.26000000000000E-02
-6.44306675749657E-03	-2.32940104666124E-01	9.72469739646891E-01	1.61000000000000E-02
1.65131650947866E-01	-1.02486800317837E-01	9.80932206432148E-01	1.19000000000000E-02
2.57129914992105E-01	-2.85763408732881E-02	9.65954242994173E-01	1.50000000000000E-02
1.91785758692097E-01	9.26798131321092E-02	9.77051009415933E-01	1.29000000000000E-02
2.30310124829834E-01	2.97076093876852E-01	9.26662312197781E-01	1.46000000000000E-02
3.41693472381497E-01	2.24448245218691E-01	9.12616324722566E-01	1.27000000000000E-02
1.03897513749541E-01	3.12658431981810E-01	9.44166305026471E-01	1.40000000000000E-02
-7.98016025531077E-02	4.24617859745611E-01	9.01848866171606E-01	1.32000000000000E-02
-1.61100704251955E-01	3.26627154358084E-01	9.31322320749086E-01	1.28000000000000E-02
-2.75398498783822E-01	3.20999240794300E-01	9.06154045555776E-01	1.30000000000000E-02
-2.95516701010692E-01	1.20940778629396E-01	9.47651416655023E-01	1.28000000000000E-02
-3.50350035570577E-01	1.31564707381646E-02	9.36526433077791E-01	1.34000000000000E-02
-4.20551984832216E-01	-1.04614322810272E-01	9.01216883728124E-01	1.47000000000000E-02
-3.47235934497944E-01	-1.94490970412699E-01	9.17387850487058E-01	1.10000000000000E-02
-2.31559545117971E-01	-2.12096510010693E-01	9.49418373271784E-01	1.60000000000000E-02
-2.15163915155779E-01	-3.45465116971042E-01	9.13432177324086E-01	1.34000000000000E-02
9.64984435937581E-02	-3.21232653516745E-01	9.42070927636859E-01	1.24000000000000E-02
-8.39542137680095E-03	-3.62452390667388E-01	9.31964474322600E-01	1.33000000000000E-02
2.47540136770344E-01	-1.66345833838277E-01	9.54490934609840E-01	1.23000000000000E-02
3.25930030096681E-01	-2.34472040819914E-01	9.15856144574528E-01	1.37000000000000E-02
3.54373256006726E-01	-1.13569037781773E-01	9.28181915943482E-01	1.35000000000000E-02
3.71031687263633E-01	4.21005811812702E-03	9.28610662472138E-01	1.26000000000000E-02
4.13667426273140E-01	1.24790356883766E-01	9.01835144175130E-01	1.42000000000000E-02
3.07010011174993E-01	9.18068031340979E-02	9.47267841709316E-01	1.29000000000000E-02
2.45163298264330E-01	3.98361017332835E-01	8.83857147424686E-01	1.12000000000000E-02
1.34353281863649E-01	4.25130844125290E-01	8.95105000000438E-01	1.50000000000000E-02
3.07399450592755E-02	3.92799970560339E-01	9.19110025462430E-01	1.01000000000000E-02
2.55271968545726E-02	4.96073232619914E-01	8.67905357800478E-01	1.38000000000000E-02
-1.94135596995390E-01	4.32909622239715E-01	8.80284402310702E-01	1.47000000000000E-02
-3.15401111233170E-01	4.21632783536216E-01	8.50145831537380E-01	1.28000000000000E-02
-3.53842231201739E-01	2.24192773052857E-01	9.08038146736713E-01	1.31000000000000E-02
-4.11909693243283E-01	1.18383837838695E-01	9.03501893495971E-01	1.35000000000000E-02
-4.59992282519080E-01	1.34997652823527E-02	8.87820283818863E-01	1.22000000000000E-02
-5.17926518675569E-01	-7.53932752032627E-02	8.52096224206357E-01	1.16000000000000E-02
-5.12271903970241E-01	-1.85786298180560E-01	8.38487297346279E-01	1.31000000000000E-02
-4.22214620222926E-01	-2.56504775695651E-01	8.69448166663966E-01	1.37000000000000E-02
-3.17430185754294E-01	-3.02897903747753E-01	8.98604995021288E-01	1.19000000000000E-02
-1.82962139017871E-01	-4.69251063287186E-01	8.63902943211707E-01	1.27000000000000E-02
-1.13856395292908E-01	-3.94853939513992E-01	9.11661717799527E-01	1.07000000000000E-02
2.39108292332847E-01	-5.78044074424437E-01	7.80187331709804E-01	1.37000000000000E-02
2.10666614446004E-01	-2.86144199275542E-01	9.34741180637088E-01	1.36000000000000E-02
1.95684516629878E-01	-4.01640836794951E-01	8.94646415166339E-01	1.32000000000000E-02
2.98522348088970E-01	-3.57790964631558E-01	8.84799431125193E-01	1.28000000000000E-02
4.38219577761804E-01	-1.86970398269273E-01	8.79207411159218E-01	1.24000000000000E-02
4.55602760435207E-01	-6.46990150706801E-02	8.87828903636676E-01	1.32000000000000E-02
4.93784639770621E-01	5.00614431581942E-02	8.68142028377566E-01	1.23000000000000E-02
4.36447762612530E-01	2.58161433239547E-01	8.61896759999838E-01	1.29000000000000E-02
6.10846451206336E-01	3.06021158094187E-01	7.30217545562497E-01	1.18000000000000E-02
3.41419221473748E-01	4.51468354897742E-01	8.24384157862210E-01	1.40000000000000E-02
1.29484517362691E-01	5.49451371031888E-01	8.25431372455959E-01	1.28000000000000E-02
-8.41941677206394E-02	6.31304769642199E-01	7.70951120336976E-01	1.19000000000000E-02
-9.33270315939232E-02	5.28197137986957E-01	8.43977398154863E-01	1.42000000000000E-02
-2.54162266843121E-01	5.10422661701132E-01	8.21504868235786E-01	1.18000000000000E-02
-2.84364451882084E-01	5.99929416131737E-01	7.47811175475222E-01	1.24000000000000E-02
-5.40680289013724E-01	4.12930184228259E-01	7.32907557625960E-01	1.28000000000000E-02
-3.88698226362256E-01	3.27488786876300E-01	8.61199618725603E-01	1.33000000000000E-02
-5.19870053563555E-01	1.13658437002430E-01	8.46650392491487E-01	1.42000000000000E-02
-6.19238488171642E-01	1.07763788309761E-01	7.77772885035231E-01	1.24000000000000E-02
-5.81969085504033E-01	9.49896042345514E-03	8.13155429956950E-01	1.34000000000000E-02
-6.05493431540367E-01	-1.12663753785972E-01	7.87835378073569E-01	1.26000000000000E-02
-5.97753400779748E-01	-2.42221066603439E-01	7.64211899115512E-01	1.42000000000000E-02
-5.07331748713880E-01	-3.02555675153760E-01	8.06891913566598E-01	1.18000000000000E-02
-4.12323848211497E-01	-3.71408016818775E-01	8.31892498607125E-01	1.29000000000000E-02
-2.99033192805765E-01	-4.14323799637461E-01	8.59601616246948E-01	1.41000000000000E-02
-5.30818401785678E-02	-4.83138202604947E-01	8.73933518882825E-01	1.55000000000000E-02
8.09851837877538E-02	-4.32174267203157E-01	8.98146314791903E-01	1.37000000000000E-02
4.79185646677371E-02	-5.31162749226663E-01	8.45913674670268E-01	1.04000000000000E-02
3.53487818593673E-01	-5.36480415492679E-01	7.66312681546304E-01	1.23000000000000E-02
3.79121668637543E-01	-4.26874560137251E-01	8.21002357047233E-01	1.45000000000000E-02
3.98815940959078E-01	-3.11272641826369E-01	8.62586336367182E-01	1.21000000000000E-02
5.03347767057806E-01	-2.58206416048934E-01	8.24603221015468E-01	1.38000000000000E-02
5.41815925113741E-01	-1.51837397663678E-01	8.26668559922211E-01	1.28000000000000E-02
5.55847466113047E-01	-3.48777428040625E-02	8.30552308691390E-01	1.30000000000000E-02
6.01289252291435E-01	6.78028648636190E-02	7.96149487593311E-01	1.43000000000000E-02
5.12242652092492E-01	1.60909174952079E-01	8.43632445318155E-01	1.33000000000000E-02
4.45944704257735E-01	3.73354880907179E-01	8.13473695731623E-01	1.30000000000000E-02
3.46296128202416E-01	3.38962527035434E-01	8.74747618949470E-01	1.32000000000000E-02
3.47030059545512E-01	5.48931545850927E-01	7.60423760637151E-01	1.30000000000000E-02
2.29466958185341E-01	4.97311448851092E-01	8.36675706557083E-01	1.27000000000000E-02
9.97431333506395E-02	7.34268092823595E-01	6.71492125948321E-01	1.30000000000000E-02
2.40577833638842E-02	5.94120165366860E-01	8.04016450182501E-01	1.34000000000000E-02
-1.78371398373621E-01	5.82909628157841E-01	7.92716853386583E-01	1.26000000000000E-02
-1.90708494870994E-01	6.74696593215821E-01	7.13032101021408E-01	1.32000000000000E-02
-3.68543828997752E-01	5.15273421582463E-01	7.73736872016821E-01	1.37000000000000E-02
-4.33194987067747E-01	4.19551382460839E-01	7.97695894846258E-01	1.32000000000000E-02
-5.05957516917130E-01	3.26376875401156E-01	7.98426656793490E-01	1.31000000000000E-02
-4.63412722732420E-01	2.27589436699580E-01	8.56417945113536E-01	1.30000000000000E-02
-6.75051768421797E-01	-2.28745752277527E-02	7.37415665523016E-01	1.54000000000000E-02
-7.18302624665270E-01	4.24572227839861E-01	5.51162192776391E-01	1.56000000000000E-02
-7.92687077005679E-01	9.67758304673873E-02	6.01898360676900E-01	1.34000000000000E-02
-7.48055716939151E-01	-2.12703638052169E-01	6.28625330951611E-01	1.34000000000000E-02
-5.83902167291983E-01	-3.62549230408842E-01	7.26372022149587E-01	1.36000000000000E-02
-4.88853352604980E-01	-4.27063518439265E-01	7.60683344674474E-01	1.37000000000000E-02
-3.83164623565468E-01	-4.77978447287760E-01	7.90393240846804E-01	1.26000000000000E-02
-3.51563799636347E-01	-5.83178191604213E-01	7.32329223520742E-01	1.36000000000000E-02
-2.70550882599412E-01	-5.24936441035614E-01	8.06996872854871E-01	1.34000000000000E-02
-1.55629064614355E-01	-5.65350157275987E-01	8.10036291727276E-01	1.27000000000000E-02
-3.84547539794713E-02	-5.90277988409765E-01	8.06283528478226E-01	1.33000000000000E-02
9.17134351595138E-02	-6.18502023157851E-01	7.80412642876117E-01	1.59000000000000E-02
4.22018661455371E-01	-5.88301891899822E-01	6.89783395980583E-01	1.41000000000000E-02
3.13825212818846E-01	-7.40729390929153E-01	5.93998068357912E-01	1.30000000000000E-02
4.82139553639649E-01	-3.70805944696674E-01	7.93753363579497E-01	1.21000000000000E-02
6.35086804219050E-01	-2.12695730555125E-01	7.42580148745207E-01	1.57000000000000E-02
6.53774535351414E-01	-3.22865857280546E-01	6.84351148993365E-01	1.31000000000000E-02
7.86765560888491E-01	-1.46781558986367E-01	5.99545766511071E-01	1.37000000000000E-02
6.86763274659976E-01	-5.20334116312505E-03	7.26862524703981E-01	1.48000000000000E-02
6.79603092170637E-01	1.08266570571516E-01	7.25546681343654E-01	1.07000000000000E-02
6.12434451082242E-01	1.95118373538765E-01	7.66063224176163E-01	1.48000000000000E-02
5.30736991759277E-01	2.76464119180650E-01	8.01177780760287E-01	1.28000000000000E-02
5.32741054575864E-01	4.04182262395316E-01	7.43521127833230E-01	1.43000000000000E-02
4.44268533152047E-01	4.79398329348836E-01	7.56837308982896E-01	1.22000000000000E-02
3.26409789818985E-01	6.39205591848346E-01	6.96328127006320E-01	1.19000000000000E-02
2.10943414203032E-01	6.89445581699450E-01	6.92941314888551E-01	1.44000000000000E-02
1.24484922263011E-03	6.89080060381113E-01	7.24684152397148E-01	1.39000000000000E-02
-9.72188085628670E-02	7.34641654431340E-01	6.71453753311424E-01	1.38000000000000E-02
-2.19040392995150E-01	8.13225586264090E-01	5.39152531369329E-01	1.17000000000000E-02
-1.76532627403766E-01	8.71592177821125E-01	4.57343751485631E-01	1.26000000000000E-02
-3.98051900128240E-01	6.06590116893629E-01	6.88188284476908E-01	1.38000000000000E-02
-4.32143978566856E-01	7.55742225631649E-01	4.92041939458141E-01	1.60000000000000E-02
-4.67914650027379E-01	5.14412369508965E-01	7.18634673798813E-01	1.20000000000000E-02
-5.62092260955495E-01	4.96346846888618E-01	6.61583024085159E-01	1.17000000000000E-02
-5.63643945910551E-01	2.23004227024828E-01	7.95345595931380E-01	1.29000000000000E-02
-6.59661995711194E-01	2.04806409986755E-01	7.23118514382435E-01	1.32000000000000E-02
-7.49979712055193E-01	1.00374889767161E-02	6.61384668948903E-01	1.05000000000000E-02
-8.63291613600326E-01	7.14702377050824E-02	4.99619450191566E-01	1.28000000000000E-02
-6.71371943443280E-01	-2.94337151655819E-01	6.80165681810197E-01	1.19000000000000E-02
-8.24777558816049E-01	-5.42499191486727E-01	1.59488575483276E-01	1.27000000000000E-02
-6.31570376142939E-01	-5.07705939649922E-01	5.85963769206642E-01	1.30000000000000E-02
-4.58159169781323E-01	-5.39358774444242E-01	7.06528334587717E-01	1.32000000000000E-02
-4.26468711957151E-01	-6.34066892953408E-01	6.45045434819919E-01	1.28000000000000E-02
-2.42174592610356E-01	-6.27242852724706E-01	7.40214746137754E-01	1.29000000000000E-02
-2.01027702225190E-01	-7.20560480331271E-01	6.63611676451543E-01	1.33000000000000E-02
-1.23935649170738E-01	-6.53784996927823E-01	7.46461742259248E-01	1.31000000000000E-02
-6.04368630022239E-03	-6.84375137032765E-01	7.29105030614443E-01	1.29000000000000E-02
1.92313682234011E-01	-6.58252498273445E-01	7.27818037796785E-01	1.05000000000000E-02
2.14177407925167E-01	-7.32878252625572E-01	6.45768925206953E-01	1.38000000000000E-02
3.09217488794837E-01	-6.47940922639953E-01	6.96101361435172E-01	1.52000000000000E-02
6.15681381029007E-01	-5.43121772020684E-01	5.70924844275782E-01	1.42000000000000E-02
5.62649630368706E-01	-4.16707990206155E-01	7.13988686425985E-01	1.44000000000000E-02
5.74160534523926E-01	-3.08304766121408E-01	7.58477324500886E-01	1.01000000000000E-02
7.25360501256559E-01	-2.32847219521563E-01	6.47791876745849E-01	1.15000000000000E-02
6.27972270389901E-01	-9.57680719206197E-02	7.72320726137761E-01	1.14000000000000E-02
7.59033734096793E-01	8.30035043117365E-02	6.45738498755533E-01	1.37000000000000E-02
6.89145946965154E-01	3.12174810123842E-01	6.53930234585955E-01	1.32000000000000E-02
6.21491388957737E-01	4.13538704084235E-01	6.65382742243675E-01	1.28000000000000E-02
6.29127330488088E-01	5.10754063500763E-01	5.85942905623397E-01	1.64000000000000E-02
5.86010312565247E-01	6.26987254929599E-01	5.13301953749472E-01	1.30000000000000E-02
4.36567031809103E-01	5.83808057111043E-01	6.84527120857616E-01	1.51000000000000E-02
2.29044163129025E-01	5.92543851022086E-01	7.72289166020370E-01	1.42000000000000E-02
2.09019633148523E-01	7.83545083648119E-01	5.85122119603521E-01	1.44000000000000E-02
1.44663790531204E-01	8.54508612677794E-01	4.98886177969098E-01	1.31000000000000E-02
-6.15592548486312E-03	7.82141077480546E-01	6.23070974688273E-01	1.26000000000000E-02
-2.02748093610520E-01	7.49479182781813E-01	6.30217553797103E-01	1.23000000000000E-02
-4.07591727116470E-01	6.89688507669056E-01	5.98497072988199E-01	1.26000000000000E-02
-3.09460737542714E-01	6.82756196812241E-01	6.61874631357028E-01	1.36000000000000E-02
-3.15414490210623E-01	7.59537918063779E-01	5.68872437712104E-01	1.28000000000000E-02
-6.31724113123130E-01	5.14409290214313E-01	5.79920448889328E-01	1.21000000000000E-02
-6.41101021227568E-01	4.09878781462608E-01	6.48836547281128E-01	1.34000000000000E-02
-7.76899545128907E-01	2.90676795579490E-01	5.58510606246771E-01	1.31000000000000E-02
-6.14500509164614E-01	3.13045098404832E-01	7.24149080370291E-01	1.36000000000000E-02
-8.46456821872328E-01	2.73035182148609E-01	4.57124313524092E-01	1.24000000000000E-02
-8.73758370204032E-01	-1.78763678715215E-01	4.52316103704693E-01	1.37000000000000E-02
-8.15891505661580E-01	-2.39070958256192E-02	5.77710569194007E-01	1.33000000000000E-02
-6.76654967777498E-01	-1.69781950605502E-01	7.16458054480946E-01	1.33000000000000E-02
-6.58604788348678E-01	-4.03979398293684E-01	6.34854612110886E-01	1.38000000000000E-02
-6.96101331626819E-01	-5.44015785314325E-01	4.68497344107953E-01	1.47000000000000E-02
-6.02872098373678E-01	-6.03824142805526E-01	5.21480236986684E-01	1.28000000000000E-02
-5.36290563782783E-01	-5.77382518854175E-01	6.15647511258798E-01	1.40000000000000E-02
-4.99133558734898E-01	-6.72353045380284E-01	5.46632484318754E-01	1.29000000000000E-02
-3.45415379986571E-01	-7.99503845807202E-01	4.91407993227853E-01	1.30000000000000E-02
-3.11717108811507E-01	-6.83631113864889E-01	6.59909800071226E-01	1.29000000000000E-02
-9.28130451697992E-02	-7.38886343452177E-01	6.67407454338187E-01	1.13000000000000E-02
-9.75259053910755E-03	-8.34982220483346E-01	5.50190492879035E-01	1.38000000000000E-02
1.58253491825421E-01	-5.14699945719700E-01	8.42638592874311E-01	1.36000000000000E-02
8.11814837882558E-03	-7.67390004788271E-01	6.41129219594580E-01	1.28000000000000E-02
5.64566541197344E-01	-7.93793856586168E-01	2.26176775568411E-01	1.33000000000000E-02
4.06464317875729E-01	-7.46190585225584E-01	5.27244126391672E-01	1.17000000000000E-02
5.60567237607444E-01	-7.14969344413320E-01	4.17831555378894E-01	1.27000000000000E-02
6.43326408120078E-01	-4.37707245823581E-01	6.28126977265626E-01	1.16000000000000E-02
7.07726698269999E-01	-1.21165108695394E-01	6.96018632646194E-01	1.28000000000000E-02
7.75635880075255E-01	-3.53430411192872E-02	6.30190329173912E-01	1.33000000000000E-02
8.44334120380509E-01	-7.04183083802300E-02	5.31169610394023E-01	1.35000000000000E-02
7.13216878178856E-01	2.00209594154250E-01	6.71742363625666E-01	1.42000000000000E-02
8.32341559667537E-01	2.58177441939885E-01	4.90460942913488E-01	1.29000000000000E-02
7.64330186210197E-01	2.84548743352509E-01	5.78646160537156E-01	1.23000000000000E-02
7.11203290657431E-01	3.97492381242060E-01	5.79818666664464E-01	1.21000000000000E-02
4.41695440842262E-01	8.77471317681081E-01	1.86947116014625E-01	1.29000000000000E-02
4.95605138194052E-01	6.80643646023473E-01	5.39536629084186E-01	1.12000000000000E-02
2.97229652405243E-01	7.20598586914882E-01	6.26412172828189E-01	1.11000000000000E-02
4.29707062231754E-01	7.56728445228300E-01	4.92660025626713E-01	1.34000000000000E-02
2.15715322425193E-01	9.34347090033772E-01	2.83658976618785E-01	1.28000000000000E-02
1.37993964552122E-02	8.53584565976925E-01	5.20771509765516E-01	1.35000000000000E-02
-1.52060781204368E-01	9.20250944591825E-01	3.60576923550814E-01	1.29000000000000E-02
-1.05223830009293E-01	8.22640132821539E-01	5.58740688933189E-01	1.53000000000000E-02
-3.12870991379837E-01	8.23181151096937E-01	4.73797989898350E-01	1.27000000000000E-02
7.33992781889323E-02	9.97158415215448E-01	1.69599801403112E-02	1.17000000000000E-02
-5.11207336158352E-01	5.93672884640936E-01	6.21465659147784E-01	1.54000000000000E-02
-5.92772969395530E-01	6.13047925629049E-01	5.22295364363810E-01	1.34000000000000E-02
-7.01630374825461E-01	3.14370125695841E-01	6.39442132794096E-01	1.28000000000000E-02
-7.62377177758564E-01	4.71419713886778E-01	4.43333387183725E-01	1.23000000000000E-02
-7.46784187552824E-01	2.06735123848422E-01	6.32118632685705E-01	1.35000000000000E-02
-8.52788138055986E-01	3.59721967997539E-01	3.78619198312737E-01	1.50000000000000E-02
-7.47781440562273E-01	-1.01932072876625E-01	6.56073753224197E-01	1.29000000000000E-02
-7.06483517637698E-01	1.04448406699577E-01	6.99979692308414E-01	1.30000000000000E-02
-9.53368719946773E-01	5.25160190211410E-03	3.01762331155681E-01	1.25000000000000E-02
-8.22278785023759E-01	-1.40347265709755E-01	5.51507248100733E-01	1.35000000000000E-02
-7.45672533956235E-01	-3.22700586098241E-01	5.82955233131274E-01	1.41000000000000E-02
-8.04528809215332E-01	-3.55353114535367E-01	4.75875571060936E-01	1.37000000000000E-02
-6.46580450212804E-01	-6.38093129157732E-01	4.18056072703531E-01	1.18000000000000E-02
-6.12167730129934E-01	-7.13580999233424E-01	3.40665272255024E-01	1.27000000000000E-02
-2.99278827860513E-01	-8.73198540611230E-01	3.84651130076142E-01	1.56000000000000E-02
-3.88223612742990E-01	-7.19584722788460E-01	5.75743218143501E-01	1.36000000000000E-02
-2.28296580886858E-01	-8.34840599676114E-01	5.00920996054064E-01	1.35000000000000E-02
-1.00583680362413E-01	-8.66624753564403E-01	4.88717157212828E-01	1.33000000000000E-02
1.33617799509450E-02	-8.95748248223153E-01	4.44360820327010E-01	1.34000000000000E-02
1.04853872085217E-01	-7.14784628792658E-01	6.91439512864631E-01	1.26000000000000E-02
2.13279952831150E-01	-8.05824598540005E-01	5.52411421051539E-01	1.33000000000000E-02
4.49064196920215E-01	-7.84653724598310E-01	4.27387271123509E-01	1.45000000000000E-02
5.13671400718116E-01	-7.92934434983395E-01	3.27714317511229E-01	1.31000000000000E-02
5.96834944723357E-01	-6.31186778144020E-01	4.95369861672303E-01	1.30000000000000E-02
5.44795246747015E-01	-5.13689797409661E-01	6.62812893024177E-01	1.23000000000000E-02
4.60065531648311E-01	-4.84648882170064E-01	7.43945675167524E-01	1.30000000000000E-02
7.62976287928424E-01	-4.79982816005670E-01	4.32993857229209E-01	1.42000000000000E-02
7.94087905055074E-01	-2.54447053887526E-01	5.51979253064098E-01	1.38000000000000E-02
8.87804755329135E-01	2.26064042646951E-02	4.59664733149275E-01	1.29000000000000E-02
8.28822274315302E-01	5.45211678377991E-02	5.56849243383172E-01	1.28000000000000E-02
8.01818663928193E-01	1.72199336542603E-01	5.72218680812408E-01	1.36000000000000E-02
7.90164339591077E-01	3.72751306523164E-01	4.86514932888879E-01	1.34000000000000E-02
5.39969866610748E-01	5.06367066171999E-01	6.72327998412034E-01	1.25000000000000E-02
6.67275832160248E-01	5.62955687369787E-01	4.87671875212071E-01	9.34000000000000E-03
6.49389418888634E-01	6.46612531313156E-01	4.00231953977031E-01	1.64000000000000E-02
5.24385991258218E-01	5.96935751221158E-01	6.07196048312377E-01	1.23000000000000E-02
4.04410769387029E-01	6.87170036453665E-01	6.03530670806429E-01	1.47000000000000E-02
3.64703579701915E-01	8.27164549575397E-01	4.27539596854301E-01	1.27000000000000E-02
1.68872540627444E-01	9.02949755082978E-01	3.95175663240565E-01	1.31000000000000E-02
2.53278597205427E-01	8.51305659906952E-01	4.59487350868377E-01	1.29000000000000E-02
-3.22026529900771E-02	9.42958786374547E-01	3.31348330823381E-01	1.28000000000000E-02
-1.89660995920804E-01	9.68341278662774E-01	1.62307962417347E-01	1.28000000000000E-02
-3.88733920022979E-01	8.32009074294404E-01	3.95786356151063E-01	1.27000000000000E-02
-7.49536233419271E-02	9.88427138816730E-01	1.31885350204212E-01	1.38000000000000E-02
-4.43740578562149E-01	8.46131600598097E-01	2.95221295652314E-01	1.18000000000000E-02
-5.49344473722079E-01	7.09017217908140E-01	4.42171045977472E-01	1.35000000000000E-02
-6.80742640583094E-01	5.47976231368808E-01	4.86118819988275E-01	1.30000000000000E-02
-9.20840412741057E-01	3.09494697571719E-01	2.37204482330896E-01	1.32000000000000E-02
-9.38434945739648E-01	1.29134951280443E-01	3.20412260958317E-01	1.29000000000000E-02
-7.94001515391311E-01	3.73639210270110E-01	4.79536582655619E-01	1.15000000000000E-02
-9.15187630199624E-01	3.38342016808158E-02	4.01605339016075E-01	1.31000000000000E-02
-9.48345208871558E-01	3.16687693423677E-01	-1.87154920948406E-02	1.26000000000000E-02
-9.84165939837859E-01	1.34518800383261E-01	-1.15421381063086E-01	1.33000000000000E-02
-8.89180882338081E-01	-4.28518130232506E-01	1.60404396905155E-01	1.27000000000000E-02
-8.75026115036150E-01	-2.93820524328755E-01	3.84706118339593E-01	1.56000000000000E-02
-9.54001422788299E-01	-8.37609910463402E-03	-2.99685045141878E-01	1.06000000000000E-02
-7.45999532326634E-01	-6.40847308533598E-01	1.81106115064302E-01	1.26000000000000E-02
-5.70480845747757E-01	-7.79409417062391E-01	2.58983716147148E-01	1.14000000000000E-02
-5.01144196621218E-01	-7.92747335124237E-01	3.46995903212550E-01	1.50000000000000E-02
-4.57585012666155E-01	-7.53900372883007E-01	4.71434177749319E-01	1.28000000000000E-02
-2.98279565003843E-01	-9.20613602970573E-01	2.51991855278414E-01	1.38000000000000E-02
-4.02794861535448E-01	-8.23986206942385E-01	3.98500979031845E-01	1.07000000000000E-02
-1.39953066439257E-01	-7.99866081093666E-01	5.83632925313598E-01	1.46000000000000E-02
-1.98926914735490E-01	-9.29610191545783E-01	3.10246634740864E-01	1.30000000000000E-02
1.22605394202518E-01	-9.12592676684550E-01	3.90054513849246E-01	1.30000000000000E-02
5.03747981565152E-01	-6.91196909809185E-01	5.18155191944717E-01	1.31000000000000E-02
1.01772094654986E-01	-7.98585760991713E-01	5.93214314637485E-01	1.25000000000000E-02
6.10868455379892E-01	-7.29938864219570E-01	3.06641459564141E-01	1.23000000000000E-02
4.12413060004599E-01	-6.72465170726125E-01	6.14577954451610E-01	1.26000000000000E-02
7.96535844247008E-01	-5.54415098539471E-01	2.41152539570236E-01	1.38000000000000E-02
7.09609389175700E-01	-4.58755260022122E-01	5.34787926374299E-01	1.41000000000000E-02
7.85430543280638E-01	-3.68603305793205E-01	4.97222751531143E-01	1.09000000000000E-02
9.01793242539642E-01	-2.20410807192497E-01	3.71736497781142E-01	1.33000000000000E-02
7.23036532565558E-01	-3.48399268764713E-01	5.96520009806701E-01	1.42000000000000E-02
9.34612313665872E-01	-8.82261105428389E-03	3.55558693717800E-01	1.22000000000000E-02
8.70637711013947E-01	1.41117943546648E-01	4.71249087181672E-01	1.36000000000000E-02
8.93301642127581E-01	2.28758083222101E-01	3.86887471408309E-01	1.25000000000000E-02
8.57093119254820E-01	3.35730287268614E-01	3.90738479211576E-01	1.33000000000000E-02
8.63202785392259E-01	4.23754956807679E-01	2.74431572294383E-01	1.49000000000000E-02
7.28700424443638E-01	4.71931864703075E-01	4.96262034104503E-01	1.40000000000000E-02
8.10092878569039E-01	4.38945387106895E-01	3.88685573734485E-01	1.20000000000000E-02
5.45216696869124E-01	7.15847097034945E-01	4.36235815954813E-01	1.23000000000000E-02
4.13730129292228E-01	8.56778963298090E-01	3.07826555328946E-01	1.24000000000000E-02
2.50714699236608E-01	9.54503574519508E-01	1.61446789426668E-01	1.29000000000000E-02
8.14011402170179E-01	5.44397255840692E-01	2.02526701869312E-01	1.23000000000000E-02
2.98358228602920E-01	8.86770859798502E-01	3.53015310768742E-01	1.31000000000000E-02
4.05218687452602E-02	9.91713818098813E-01	1.21908494967601E-01	1.23000000000000E-02
4.95161165692696E-02	9.07726167753623E-01	4.16630962093816E-01	1.32000000000000E-02
-2.77376096631867E-01	8.83392982529566E-01	3.77729187957175E-01	1.45000000000000E-02
1.16653938179640E-01	6.51136998293255E-01	7.49941643170206E-01	1.17000000000000E-02
-6.93930848255046E-01	7.07656800640370E-01	-1.32973043687307E-01	1.32000000000000E-02
-4.96377040242129E-01	7.83910173094554E-01	3.72953984345696E-01	1.27000000000000E-02
-6.00386436773895E-01	7.25949419266090E-01	3.35460231927976E-01	1.34000000000000E-02
-6.49024838043124E-01	6.40149073497195E-01	4.11066811240921E-01	1.28000000000000E-02
-7.36411364136854E-01	5.61450331172399E-01	3.77454405718757E-01	1.29000000000000E-02
-8.39832308588178E-01	5.00085487465588E-01	2.11178120736394E-01	1.33000000000000E-02
-8.68689900810021E-01	4.87502424666866E-01	8.78592179261857E-02	1.35000000000000E-02
-9.08303748773790E-01	2.46871885782086E-01	3.37695975655433E-01	1.41000000000000E-02
-8.16550777341193E-01	-2.51509814994582E-01	5.19603349666727E-01	1.22000000000000E-02
-8.29623528823831E-01	-4.50019008430137E-01	-3.30465871874009E-01	1.48000000000000E-02
-8.91451261377249E-01	1.64972370326162E-01	4.22017494445286E-01	1.35000000000000E-02
-8.88552940404423E-01	-3.66816634068256E-01	2.75534442619225E-01	1.27000000000000E-02
-7.64140904372310E-01	-5.33033438221389E-01	3.63268539792467E-01	1.31000000000000E-02
-7.67948101272531E-01	-4.59424563850617E-01	4.46301225499755E-01	1.14000000000000E-02
-5.58635671346049E-01	-4.72901070091949E-01	6.81388849780825E-01	1.22000000000000E-02
-4.77315800003068E-01	-8.78434522941176E-01	-2.28564208164507E-02	1.29000000000000E-02
-6.30472398110778E-01	-7.74670056204666E-01	4.88964133684866E-02	1.11000000000000E-02
-3.89813037624392E-01	-9.00805919423943E-01	1.91296866751201E-01	1.04000000000000E-02
-1.89206598186349E-01	-8.89924419850106E-01	4.15012518072889E-01	1.06000000000000E-02
-8.54753736105034E-02	-9.62171968411030E-01	2.58687192783460E-01	1.28000000000000E-02
1.18927099902151E-01	-8.60715938973773E-01	4.94999411419204E-01	1.35000000000000E-02
-8.95393553481183E-02	-9.23231178081568E-01	3.73666824406398E-01	1.32000000000000E-02
2.33199390957348E-01	-9.49228669369150E-01	2.11146814574109E-01	1.31000000000000E-02
6.70198709612048E-01	-7.17601202867990E-01	1.89425983636773E-01	1.47000000000000E-02
4.71074708517347E-01	-8.65616364181695E-01	-1.69696579388503E-01	1.54000000000000E-02
5.13484829477634E-01	-6.06705011708604E-01	6.06829760858831E-01	1.32000000000000E-02
6.58630977377846E-01	-6.49246422132140E-01	3.80373919961552E-01	1.45000000000000E-02
8.63323468346382E-01	-4.60881966262552E-01	2.05573349868935E-01	1.39000000000000E-02
8.87420284053808E-01	-3.84781041868881E-01	-2.53828267275643E-01	1.37000000000000E-02
8.36465606592158E-01	-3.80971665014150E-01	3.93936390099669E-01	1.29000000000000E-02
8.21561110822615E-01	-4.68803695462691E-01	3.24438647982069E-01	1.15000000000000E-02
8.58407900961656E-01	-1.81249338667830E-01	4.79879727430818E-01	1.15000000000000E-02
9.01878689516555E-01	-9.21991768960781E-02	4.22035710782376E-01	1.40000000000000E-02
9.22381176208598E-01	1.16918586483214E-01	3.68161662739087E-01	1.31000000000000E-02
9.78056521348370E-01	1.60120302967963E-01	1.33292646554012E-01	1.46000000000000E-02
9.07421531166140E-01	3.06409478577239E-01	2.87575027104442E-01	1.39000000000000E-02
9.99334645666759E-01	-2.88029914863740E-02	-2.23752910937057E-02	1.54000000000000E-02
8.60654312773673E-01	5.08893045692408E-01	1.73787787252187E-02	1.35000000000000E-02
7.35584773982386E-01	5.45835971587484E-01	4.01220802559422E-01	1.36000000000000E-02
6.73858013374851E-01	6.86350507789523E-01	2.73566003493783E-01	1.35000000000000E-02
5.62811645695157E-01	8.16068042482281E-01	1.31438204145692E-01	1.50000000000000E-02
3.19502715616243E-01	7.82070347251923E-01	5.35055124882569E-01	1.32000000000000E-02
5.12676752065147E-01	8.18856628946077E-01	2.58140212138669E-01	1.32000000000000E-02
5.03902561363469E-03	9.74438018622595E-01	2.24599991281688E-01	1.30000000000000E-02
-6.36198686192356E-02	8.93720159247593E-01	4.44090969589933E-01	1.29000000000000E-02
9.85626212654756E-02	8.04308656372237E-01	5.85980370809435E-01	1.15000000000000E-02
1.63473979307534E-01	9.82725677573219E-01	8.67554074834327E-02	1.26000000000000E-02
-3.48773780947957E-01	8.96225783692348E-01	2.74109821728994E-01	1.25000000000000E-02
8.67685301489226E-02	8.25408859635255E-01	-5.57827425474421E-01	1.31000000000000E-02
-7.18207542183003E-01	6.69641960629461E-01	1.89096723704510E-01	1.30000000000000E-02
-5.02210147999488E-01	6.74501165965616E-01	5.41140595739550E-01	1.05000000000000E-02
-6.92560553890203E-01	6.54912142307877E-01	3.02406952719345E-01	1.32000000000000E-02
-7.71132143294701E-01	5.82908876061534E-01	2.56071200618888E-01	1.31000000000000E-02
-6.55710672834457E-01	5.84638115726689E-01	-4.77746572118030E-01	1.23000000000000E-02
-8.01654389617954E-01	5.82127387389610E-01	1.35933603120093E-01	1.28000000000000E-02
-9.56651181054001E-01	-1.29527975373973E-01	2.60846739261778E-01	1.47000000000000E-02
-9.19486990630070E-01	3.88891698986971E-01	5.75058303225195E-02	1.12000000000000E-02
-9.53083723609384E-01	2.83619550499004E-01	1.05789254490298E-01	1.56000000000000E-02
-7.81570422125432E-01	-5.66821854628513E-01	2.60500787665155E-01	1.07000000000000E-02
-9.21892202131002E-01	-8.51978726504782E-02	3.77963080400564E-01	1.31000000000000E-02
-8.33588585441658E-01	-4.10658775335315E-01	3.69444773222565E-01	1.26000000000000E-02
-9.30976549620950E-01	-2.57888203170935E-01	2.58411181494022E-01	1.28000000000000E-02
-2.73359595965902E-01	-7.67929551690365E-01	5.79274317516314E-01	1.21000000000000E-02
-6.83699251212829E-01	-7.28911686700365E-01	-3.52574372671119E-02	1.33000000000000E-02
-7.08473853051927E-01	-6.30330989030491E-01	3.17407693368636E-01	1.47000000000000E-02
-6.64190323943885E-01	-7.12798414015730E-01	2.25321180886252E-01	1.39000000000000E-02
-4.37256389919271E-01	-8.94817707231842E-01	9.00451014720583E-02	1.35000000000000E-02
-1.88746063683161E-01	-9.78681153147960E-01	8.09822444557498E-02	1.32000000000000E-02
-3.10857188243352E-01	-9.43162289585534E-01	1.17527460711142E-01	1.57000000000000E-02
1.47443291881618E-02	-9.44463990645763E-01	3.28283985491631E-01	1.33000000000000E-02
2.25266094393285E-02	-9.77556379773868E-01	2.09466169656522E-01	1.27000000000000E-02
1.26285573943244E-01	-9.52257609706267E-01	2.77952151584279E-01	1.32000000000000E-02
5.20723438666168E-01	-8.42438426858176E-01	1.38364003181472E-01	1.13000000000000E-02
3.22797824929009E-01	-8.65298177196644E-01	3.83484848150830E-01	1.29000000000000E-02
4.12486076198658E-01	-8.65309595257213E-01	-2.84771033109113E-01	1.22000000000000E-02
4.44010243558558E-01	-8.94793749071551E-01	-4.68940320035138E-02	1.51000000000000E-02
3.28571624005227E-01	-7.42560211848789E-01	-5.83648027219871E-01	1.19000000000000E-02
8.61339119639100E-01	-4.75606656719089E-01	-1.78586755006718E-01	1.26000000000000E-02
7.14992722821502E-01	-6.97488329164288E-01	-4.79107189666682E-02	1.16000000000000E-02
8.83346943149108E-01	-3.64349046322128E-01	2.94869378663300E-01	1.44000000000000E-02
9.54367970360591E-01	-2.57814265581324E-01	1.50710257157793E-01	1.27000000000000E-02
9.84881270871780E-01	5.03612181707315E-02	1.65748695290030E-01	1.18000000000000E-02
9.59689303275859E-01	6.94316957890534E-02	2.72352126479219E-01	1.18000000000000E-02
9.93178404873930E-01	9.93854188351829E-02	-6.09851999671293E-02	1.32000000000000E-02
9.46028275266819E-01	1.82483432346904E-01	2.67825128235905E-01	1.41000000000000E-02
7.39567568543052E-01	6.04038521628020E-01	2.96946587703500E-01	1.19000000000000E-02
7.44729203280214E-01	6.42646636172940E-01	1.79954757639863E-01	1.42000000000000E-02
5.83714671222020E-01	7.39791663397534E-01	3.34642312578187E-01	1.20000000000000E-02
6.29755930694250E-01	7.71699799444240E-01	-8.88081487991783E-02	1.24000000000000E-02
3.30981629965068E-01	9.11949151941938E-01	2.42486916962637E-01	1.37000000000000E-02
6.46287236556787E-01	7.62558282522353E-01	2.85949929244485E-02	1.35000000000000E-02
3.60900276509394E-01	9.24806751114751E-01	1.20347262154234E-01	1.23000000000000E-02
2.79810492825360E-01	9.59206980047171E-01	4.03491949562138E-02	1.37000000000000E-02
-1.18444850457699E-01	9.59810227372654E-01	2.54431021754238E-01	1.31000000000000E-02
9.30456507637406E-02	9.45935939968226E-01	3.10721264721905E-01	1.34000000000000E-02
-1.50578313057460E-01	9.87696082147687E-01	4.22210959933243E-02	1.33000000000000E-02
6.98467095249109E-02	9.76790486030087E-01	-2.02488971476594E-01	1.26000000000000E-02
-4.24988132124560E-01	9.04985750611532E-01	-1.96437965617211E-02	1.17000000000000E-02
-3.08765056634934E-01	9.36235676806976E-01	1.67710754798277E-01	1.27000000000000E-02
-5.37846907098325E-01	8.04143187648913E-01	2.53129291632968E-01	1.25000000000000E-02
-6.28621001561774E-01	7.46281520183280E-01	2.18859610317671E-01	1.31000000000000E-02
-6.63750081269990E-01	7.40592671750835E-01	1.04682014515577E-01	1.31000000000000E-02
-7.48022577348678E-01	6.60186336641741E-01	6.79428045358578E-02	1.33000000000000E-02
-9.53486403162414E-01	2.07888212343760E-01	2.18280026921651E-01	1.28000000000000E-02
-8.29576219978385E-01	1.79416427157899E-01	5.28784493827369E-01	1.30000000000000E-02
-8.72733688370815E-01	4.01839522093591E-01	2.77237998236652E-01	1.09000000000000E-02
-9.01902933226035E-01	3.97301165868374E-01	1.69478265975029E-01	1.27000000000000E-02
-7.17154715770088E-01	-4.36890927412918E-01	5.42969088616472E-01	1.20000000000000E-02
-8.11900539630311E-01	4.78761191124153E-01	3.34073697889238E-01	1.43000000000000E-02
-9.73147927027222E-01	9.40207812385840E-02	2.10102843431272E-01	1.37000000000000E-02
-9.67421007934215E-01	-2.02003310233926E-01	1.52614730816142E-01	1.39000000000000E-02
-9.16988637865925E-01	-1.94157202678330E-01	3.48474990024995E-01	1.07000000000000E-02
-9.28363180070333E-01	-2.47540148051973E-01	-2.77246606818018E-01	1.48000000000000E-02
-7.60622713979629E-01	-6.47785424940417E-01	-4.27449437129758E-02	1.31000000000000E-02
-7.10450012820815E-01	-6.89552705846180E-01	-1.40633726904727E-01	1.30000000000000E-02
-4.92942188835423E-01	-8.46238005289832E-01	2.02210872282443E-01	1.53000000000000E-02
-5.54594589467586E-01	-7.04339535671880E-01	4.43092157257155E-01	1.37000000000000E-02
-4.05552100667093E-01	-8.64551098906427E-01	2.96780880489623E-01	1.37000000000000E-02
-8.95157922445864E-02	-9.85529072385674E-01	1.43942246826486E-01	1.36000000000000E-02
-1.98713582046096E-01	-9.59448293251179E-01	1.99929699864246E-01	1.27000000000000E-02
1.27760669949225E-01	-9.79438782273273E-01	1.56130980247908E-01	1.31000000000000E-02
2.37927788633620E-01	-9.66600103839593E-01	9.52607298586471E-02	1.30000000000000E-02
3.34550726540608E-01	-9.03458655852532E-01	2.68026619081549E-01	1.26000000000000E-02
3.39476689613468E-01	-9.28915392108208E-01	1.47891079898463E-01	1.38000000000000E-02
3.27810574214882E-01	-8.10954136677569E-01	4.84658246229698E-01	1.33000000000000E-02
6.63683439764022E-01	-7.33223196999074E-01	-1.48013631687935E-01	1.39000000000000E-02
6.83231493147654E-01	-5.61289358666569E-01	4.67064216804175E-01	1.16000000000000E-02
8.12866767799804E-01	-5.76177179006622E-01	-8.52494938323335E-02	1.44000000000000E-02
8.24194000912503E-01	-5.51766825804926E-01	1.27505367734057E-01	1.29000000000000E-02
9.13741387988674E-01	-3.59779343726084E-01	1.88773673229502E-01	1.12000000000000E-02
7.74887854870422E-01	-6.31413916770965E-01	2.94156095001179E-02	1.52000000000000E-02
8.48751497354704E-01	-2.86959516602212E-01	4.44156652060475E-01	1.31000000000000E-02
9.42152006824489E-01	-1.33690858366040E-01	3.07370054536771E-01	1.26000000000000E-02
9.70455412867551E-01	-4.14622209745604E-02	2.37691345799392E-01	1.40000000000000E-02
9.59500326696307E-01	3.85068119153486E-02	-2.79063341386494E-01	1.40000000000000E-02
9.81311069451444E-01	1.92308886957997E-01	6.77325394752165E-03	1.30000000000000E-02
8.73632707398867E-01	4.64304947800560E-01	1.45556889259298E-01	1.41000000000000E-02
8.44030094046618E-01	5.25335520166086E-01	-1.07869326481084E-01	1.33000000000000E-02
7.95193813469734E-01	6.06229940618589E-01	-1.23311847379979E-02	1.35000000000000E-02
6.65899515012001E-01	7.32454347906345E-01	1.41733779106712E-01	1.23000000000000E-02
6.04325157681714E-01	7.63866883052520E-01	2.26491696908731E-01	1.16000000000000E-02
2.85646917450550E-01	9.54798840837521E-01	-8.22496935333115E-02	1.27000000000000E-02
1.36242119472598E-01	9.69850076308847E-01	2.02061659810408E-01	1.35000000000000E-02
1.75554937197553E-01	9.49598140110686E-01	-2.59699511597323E-01	1.20000000000000E-02
-3.71907255687018E-02	9.99306686605586E-01	-1.73090642089179E-03	1.47000000000000E-02
-1.25180643073560E-01	9.88133926423191E-01	-8.90008429801463E-02	1.37000000000000E-02
1.79073870728178E-01	9.13490335880603E-01	-3.65332663575499E-01	1.14000000000000E-02
-4.64670732781028E-01	7.37436204812993E-01	-4.90172371648740E-01	1.25000000000000E-02
-1.16156683330904E-02	9.19913661993867E-01	-3.91948887900206E-01	1.27000000000000E-02
-4.88749218567617E-01	8.69648234749318E-01	6.95424269560537E-02	1.30000000000000E-02
-3.80498829459974E-01	9.21193471681742E-01	8.13832200796241E-02	1.29000000000000E-02
-5.90207785855356E-01	8.06823095834821E-01	2.62918531722688E-02	1.34000000000000E-02
-8.18041935285641E-01	5.74843195400491E-01	1.90444956844247E-02	1.25000000000000E-02
-7.66851679870644E-01	6.14877187114889E-01	-1.84023220940323E-01	1.33000000000000E-02
-8.30394122533421E-01	5.49368192203545E-01	-9.29526258744565E-02	1.37000000000000E-02
-8.89140736215807E-01	4.56726722882370E-01	-2.88002049774244E-02	1.47000000000000E-02
-9.82091690676936E-01	1.54529877477729E-01	1.07779534560294E-01	1.34000000000000E-02
-8.78504842413826E-01	4.56678376250734E-01	-1.40264402185484E-01	1.02000000000000E-02
-8.74489003833845E-01	-4.78252114093346E-02	4.82681811680678E-01	1.27000000000000E-02
-9.78355971806770E-01	-2.93080608588749E-02	2.04842939831281E-01	1.16000000000000E-02
-9.88512486542438E-01	-9.24854605781292E-02	1.19538711434151E-01	1.25000000000000E-02
-9.34280937676072E-01	-3.17331618996426E-01	1.62541604151754E-01	1.32000000000000E-02
-8.89585800175595E-01	-3.86923389566022E-01	-2.42749654444005E-01	1.37000000000000E-02
-9.41063547553883E-01	-2.95697969121165E-01	-1.64201432767558E-01	1.34000000000000E-02
-7.87018367010527E-01	-6.13425657439396E-01	6.56586078372575E-02	1.40000000000000E-02
-4.42395075836349E-01	-8.65687787166614E-01	-2.34246135563260E-01	1.35000000000000E-02
-5.84512143711246E-01	-8.09886499319009E-01	-4.92890664841949E-02	1.31000000000000E-02
-2.66739782358649E-01	-9.63739705665402E-01	7.46111461003291E-03	1.09000000000000E-02
-1.54420477989394E-01	-9.49330742375095E-01	-2.73725149664910E-01	1.03000000000000E-02
-1.68996789879341E-01	-9.84093601525839E-01	-5.47710548225905E-02	1.55000000000000E-02
3.09697606781148E-02	-9.95294422375319E-01	9.18144145116619E-02	1.36000000000000E-02
-5.68225299853648E-02	-9.95224931958589E-01	-7.93633094955249E-02	1.12000000000000E-02
1.44391904372055E-01	-9.89149701686470E-01	2.70895848136751E-02	1.27000000000000E-02
7.48063035128409E-01	-6.47915441201415E-01	-1.43552347689779E-01	1.19000000000000E-02
6.13508515358531E-01	-7.82111811899383E-01	1.09125685656647E-01	1.23000000000000E-02
3.51362157259921E-01	-9.35916703622624E-01	2.45877678086838E-02	1.26000000000000E-02
2.71294728223040E-01	-4.79982818240287E-01	8.34275532802262E-01	1.24000000000000E-02
7.44876634331832E-01	-5.67370541187972E-01	3.51069036826874E-01	1.37000000000000E-02
8.40800921173009E-01	-5.41116400449763E-01	1.57115282168597E-02	9.56000000000000E-03
7.11151032198436E-01	-6.48081570217087E-01	2.72496766491002E-01	1.20000000000000E-02
6.02118524766750E-01	-6.58843093956264E-01	-4.50975675262922E-01	1.39000000000000E-02
2.29247632077765E-01	-8.64963674877231E-01	4.46411653442887E-01	1.25000000000000E-02
9.70722299787556E-01	-1.47482203265693E-01	1.89597511626747E-01	1.27000000000000E-02
9.88310742402239E-01	2.62675758604435E-02	-1.50172870088944E-01	1.26000000000000E-02
9.28241865215992E-01	-1.85658840103648E-01	-3.22331870518110E-01	1.58000000000000E-02
9.65739581267630E-01	-1.76203034322013E-01	-1.90524412789379E-01	1.35000000000000E-02
9.47867204606604E-01	2.56512982850111E-01	1.89073668342792E-01	1.11000000000000E-02
9.14613482114767E-01	4.00348833915629E-01	5.65949601669277E-02	1.31000000000000E-02
9.00541290872992E-01	4.30140080780455E-01	-6.32842345216240E-02	1.31000000000000E-02
7.74721933803280E-01	6.17896106821359E-01	-1.34202557572920E-01	1.28000000000000E-02
8.10482120769340E-01	5.77542897874837E-01	9.77902501661989E-02	1.26000000000000E-02
8.00790044349825E-01	5.13704783366634E-01	3.07965420812861E-01	1.19000000000000E-02
5.59412809401190E-01	8.28859293404995E-01	7.04133609757618E-03	1.29000000000000E-02
3.74463590897743E-01	8.92998868652954E-01	-2.49659847946180E-01	1.11000000000000E-02
4.67366771799319E-01	8.80704667797304E-01	7.69908354151451E-02	1.40000000000000E-02
5.32596728122096E-01	8.38255199689299E-01	-1.16914265115468E-01	1.34000000000000E-02
-4.27597061387288E-01	8.93989701075429E-01	-1.33952108844983E-01	1.28000000000000E-02
6.13830081196796E-02	9.93911160926629E-01	-9.15026256435241E-02	1.28000000000000E-02
-2.27959507728582E-01	9.72842869921020E-01	-4.01399212751404E-02	1.07000000000000E-02
-3.31108515903995E-01	9.40958338782691E-01	-7.04596009864566E-02	1.49000000000000E-02
-2.38772071980763E-01	9.32865702414061E-01	-2.69721113192002E-01	1.35000000000000E-02
-6.20181935313418E-01	7.56550737270994E-01	-2.07377310826466E-01	1.27000000000000E-02
-5.60924522459674E-01	8.15933754026900E-01	1.40056378444382E-01	1.35000000000000E-02
-6.87579432681589E-01	7.26034225361105E-01	-1.04320351591920E-02	1.32000000000000E-02
-7.62569285410956E-01	6.43690498302087E-01	-6.44253625789859E-02	1.30000000000000E-02
-9.26567890016854E-01	3.52763351905952E-01	-1.30498899389191E-01	1.59000000000000E-02
-9.56334104711945E-01	2.06465701663518E-01	-2.06874343990239E-01	1.31000000000000E-02
-9.99374790954802E-01	-3.52466993490001E-02	2.77441688379199E-03	1.31000000000000E-02
-8.79107835818941E-01	2.71181226648133E-01	-3.91956828382094E-01	1.36000000000000E-02
-9.79660480928372E-01	2.00591717622709E-01	5.32023762260645E-03	1.29000000000000E-02
-9.90140807735580E-01	-9.93361897940659E-02	-9.87598210505113E-02	1.30000000000000E-02
-9.66001915769887E-01	-1.82675595960311E-01	-1.82947876099869E-01	1.22000000000000E-02
-9.29792260886636E-01	7.58797453102084E-02	-3.60178588823619E-01	1.44000000000000E-02
-6.88437279546718E-01	-5.70825094388266E-01	-4.47451476416091E-01	1.29000000000000E-02
-7.03932216162792E-01	-7.03577760094070E-01	9.72510696555616E-02	1.46000000000000E-02
-8.41827779650039E-01	-4.71328778141332E-01	2.63011734158920E-01	1.43000000000000E-02
-6.68396519044575E-01	-6.57065177053417E-01	-3.48584919973390E-01	1.33000000000000E-02
-5.38124350139260E-01	-8.40015345572083E-01	6.92560682583902E-02	1.29000000000000E-02
-5.18919759557314E-01	-8.43040033704789E-01	-1.41441806804091E-01	1.30000000000000E-02
-2.96194974380971E-01	-9.49671462644635E-01	-1.01944348493946E-01	1.31000000000000E-02
-3.69633831745443E-01	-9.29153963306133E-01	-6.61384167375784E-03	1.28000000000000E-02
-1.05534374554123E-01	-9.78559361819906E-01	-1.76873036899600E-01	1.26000000000000E-02
-2.21702384263975E-01	-9.57079252826720E-01	-1.86674466974773E-01	1.38000000000000E-02
-7.32390129518182E-02	-9.96832121731618E-01	3.10123856851440E-02	1.22000000000000E-02
1.51347852233289E-01	-9.83964458825737E-01	-9.43809906291755E-02	1.29000000000000E-02
5.38852954197636E-01	-8.41970044155604E-01	2.69061052010221E-02	1.32000000000000E-02
2.49426624010834E-01	-9.68094955611137E-01	-2.40523627701834E-02	1.29000000000000E-02
1.90189099850685E-01	-9.36585164222656E-01	-2.94340511068397E-01	1.23000000000000E-02
5.62929799352576E-01	-7.36917564432500E-01	-3.74249307590193E-01	1.32000000000000E-02
7.51891615163554E-01	-6.40076485358227E-01	1.57990797004765E-01	1.27000000000000E-02
7.96574112428045E-01	-5.67514811128973E-01	-2.08318560283802E-01	1.34000000000000E-02
6.28244172822993E-01	-7.77537433211680E-01	-2.72910107644160E-02	1.60000000000000E-02
9.33857228601086E-01	-3.48179651916431E-01	8.17410948106919E-02	1.28000000000000E-02
9.33013500072008E-01	-3.58792194722915E-01	-2.74585085045436E-02	1.18000000000000E-02
9.47803836016633E-01	3.17610179296793E-01	-2.81364965696384E-02	1.36000000000000E-02
9.73519243477499E-01	1.29333404502309E-01	-1.88502395366315E-01	1.31000000000000E-02
9.29464592431298E-01	3.41018641928438E-01	-1.40719072175039E-01	1.31000000000000E-02
7.05865717513346E-01	2.96906974131385E-01	-6.43117281334837E-01	1.26000000000000E-02
7.34141869415604E-01	5.28233867582116E-01	-4.26620084747777E-01	1.45000000000000E-02
9.69786251823968E-01	2.19334619157243E-01	-1.06803326785105E-01	1.34000000000000E-02
5.84563944675837E-01	7.86754337488697E-01	-1.98248851264628E-01	1.26000000000000E-02
4.78275120836359E-01	7.92302164317230E-01	3.78827387087045E-01	1.42000000000000E-02
2.83127891352958E-01	9.36651770957032E-01	-2.06208770669637E-01	1.29000000000000E-02
3.06019753217466E-01	7.98689378497221E-01	-5.18118893031746E-01	1.19000000000000E-02
7.29152090336517E-01	6.81415764198418E-01	6.33228668000228E-02	1.28000000000000E-02
4.70109606680385E-01	8.81597083287933E-01	-4.22319836737737E-02	1.05000000000000E-02
1.78461667726901E-01	9.83445668456013E-01	-3.14014386173273E-02	1.25000000000000E-02
3.64496499830814E-01	8.27499630012620E-01	-4.27067516840208E-01	1.37000000000000E-02
-4.39761762573190E-01	8.78724496233614E-01	1.85614794392856E-01	1.50000000000000E-02
7.64084859719256E-02	9.42684930891858E-01	-3.24818201985187E-01	1.36000000000000E-02
-2.72134830451749E-01	9.60296070131275E-01	6.14336369216940E-02	1.37000000000000E-02
-3.17917893319517E-01	8.45535741393865E-01	-4.28949324667619E-01	1.10000000000000E-02
-6.08577492245527E-01	7.21090458961553E-01	-3.31152511581539E-01	1.27000000000000E-02
-4.38423795776600E-01	8.60279897758235E-01	-2.60198141442089E-01	1.37000000000000E-02
-6.70946101628400E-01	4.96555421674595E-01	-5.50694145524733E-01	1.40000000000000E-02
-8.27752433653948E-01	5.13919287399922E-01	-2.25195192262893E-01	1.38000000000000E-02
-9.16756769408672E-01	3.02088775449707E-01	-2.61341534185956E-01	1.41000000000000E-02
-5.99658303696368E-01	4.72122836720178E-01	-6.46150095454055E-01	1.33000000000000E-02
-9.63421363424696E-01	2.47517352828707E-01	-1.02734787416768E-01	1.11000000000000E-02
-9.77210450694031E-01	-5.45639612355752E-02	-2.05140218359665E-01	1.36000000000000E-02
-8.49834687959443E-01	-1.83193722486260E-01	-4.94187275415405E-01	1.28000000000000E-02
-9.88056378447842E-01	-1.51692095359213E-01	2.70943022435581E-02	1.28000000000000E-02
-9.22983167989495E-01	-3.79647603594980E-01	6.30061004400654E-02	1.32000000000000E-02
-8.89051732467985E-01	-4.56150339802542E-01	-3.89086686189445E-02	1.33000000000000E-02
-8.54978027628359E-01	-4.91347192784213E-01	-1.66103908490416E-01	1.50000000000000E-02
-8.29458350793199E-01	-5.57036974253490E-01	-4.13358635320637E-02	1.23000000000000E-02
-7.31295401758338E-01	-6.33258853785839E-01	-2.53357967052460E-01	1.33000000000000E-02
-6.16356167769595E-01	-7.72502915667634E-01	-1.52788480381810E-01	1.31000000000000E-02
-6.10877185378877E-01	-5.91928774767347E-01	-5.25784547116028E-01	1.21000000000000E-02
-4.15565816122446E-01	-9.01646269156427E-01	-1.19745804881755E-01	1.33000000000000E-02
2.27118709857471E-01	-9.16774615402561E-01	3.28544359540935E-01	1.30000000000000E-02
-5.99268407874221E-01	-7.85864844532483E-01	1.52623135375446E-01	1.24000000000000E-02
-3.67675276176208E-01	-6.08777097154534E-01	-7.02997394923229E-01	1.28000000000000E-02
4.62763106339262E-02	-9.98399683473044E-01	-3.25050013849696E-02	1.39000000000000E-02
4.17706263827566E-01	-8.46757874432418E-01	3.29427654039408E-01	1.19000000000000E-02
6.14130403301487E-03	-9.22028823000888E-01	-3.87072517676429E-01	1.19000000000000E-02
5.15715052799968E-01	-8.08287793264463E-01	-2.84092991070160E-01	1.23000000000000E-02
5.73941391086459E-01	-7.98733262426939E-01	-1.80600263262706E-01	1.27000000000000E-02
4.37731702831777E-01	-8.94984873972169E-01	8.59827406926133E-02	1.24000000000000E-02
6.83774156153885E-01	-4.85040021581294E-01	-5.45150512097768E-01	1.44000000000000E-02
9.84543591805000E-01	-1.59400834883571E-01	7.25623157990995E-02	1.34000000000000E-02
5.80054113980630E-01	-3.48576180290922E-01	-7.36228138139215E-01	1.31000000000000E-02
9.57132786523635E-01	-2.66544037135675E-01	-1.13362715338490E-01	1.52000000000000E-02
8.82837428353866E-01	-4.66139138532225E-01	-5.75532677262228E-02	1.45000000000000E-02
8.26433265941948E-01	-4.81597328463924E-01	-2.91671167860204E-01	1.33000000000000E-02
9.14931279105907E-01	-3.79866978366753E-01	-1.36388537862022E-01	1.22000000000000E-02
9.86810688254191E-01	-1.56329235690695E-01	-4.20218468852995E-02	1.28000000000000E-02
9.37729371448367E-01	1.49659244572719E-01	-3.13473661472496E-01	1.29000000000000E-02
7.25925544770955E-01	4.60846380794673E-01	-5.10541591603898E-01	1.10000000000000E-02
6.89598031720354E-01	7.04321147749776E-01	-1.68482270520821E-01	1.33000000000000E-02
8.76787291614659E-01	4.39528862927433E-01	-1.95085683525847E-01	1.38000000000000E-02
3.98956866225719E-01	9.07191822147381E-01	-1.33553048337604E-01	1.57000000000000E-02
7.19089847239450E-01	6.92760004137321E-01	-5.47116830741164E-02	1.32000000000000E-02
9.15402022274937E-01	3.63237140247192E-01	1.73487514132849E-01	1.24000000000000E-02
5.89395253808744E-01	7.04374225236045E-01	-3.95563124685360E-01	1.43000000000000E-02
7.27430920109979E-01	6.38392753935324E-01	-2.51592822216416E-01	1.32000000000000E-02
1.85248878819850E-01	9.71551405425448E-01	-1.47549041039999E-01	1.41000000000000E-02
-3.38365396931167E-02	9.87372500567089E-01	-1.54759922801381E-01	1.29000000000000E-02
-2.40457245924939E-01	9.58717022016292E-01	-1.51795864826432E-01	1.31000000000000E-02
-5.28926807539216E-01	7.96379832999758E-01	-2.93284152073804E-01	1.27000000000000E-02
-1.12785214027505E-01	8.85612505882387E-01	-4.50521902821036E-01	1.44000000000000E-02
-5.26238725026598E-01	8.30307280946076E-01	-1.83473767853371E-01	1.33000000000000E-02
-6.09892427714176E-01	7.87274988172465E-01	-9.07155974182665E-02	1.34000000000000E-02
-5.19262042204719E-01	8.52350791162805E-01	-6.21696093724509E-02	1.29000000000000E-02
-6.90957876944486E-01	6.73687368221117E-01	-2.62149846819852E-01	1.38000000000000E-02
-7.59403684231962E-01	5.80318595682811E-01	-2.94170650948817E-01	1.22000000000000E-02
-8.61971927220904E-01	3.75322441401125E-01	-3.40789468240698E-01	1.19000000000000E-02
-8.90059824842334E-01	1.58725865364405E-01	-4.27316753551686E-01	1.25000000000000E-02
-7.58741439477619E-01	1.01564910433687E-01	-6.43425206988369E-01	1.20000000000000E-02
-9.94018284467525E-01	2.76854392256749E-02	1.05646422557126E-01	1.22000000000000E-02
-9.30156640262500E-01	1.90747421034629E-01	-3.13726068321100E-01	1.27000000000000E-02
-9.73589169318535E-01	-2.17931844212970E-01	-6.80429325027759E-02	1.35000000000000E-02
-8.62733224765508E-01	-5.02011612730527E-01	6.06277458710217E-02	1.37000000000000E-02
-8.78471853505386E-01	-3.35372858572879E-01	-3.40311986758424E-01	1.25000000000000E-02
-9.06956271745700E-01	-3.99070048278780E-01	-1.34808819102871E-01	1.03000000000000E-02
-9.63254235971927E-01	-2.65117895230117E-01	4.30555282268237E-02	1.26000000000000E-02
-7.91516321056096E-01	-5.91274669106794E-01	-1.54583890410590E-01	1.35000000000000E-02
-5.49511185096695E-01	-7.96457230806827E-01	-2.52375388952933E-01	1.26000000000000E-02
-2.50472714511463E-01	-9.13209792994104E-01	-3.21420741808806E-01	1.55000000000000E-02
-3.93662342462003E-01	-8.07444744495979E-01	-4.39389286070052E-01	1.28000000000000E-02
-1.93497508846494E-01	-8.71380033856543E-01	-4.50838719129545E-01	1.26000000000000E-02
-3.66330052750746E-01	-8.72725184230138E-01	-3.22727509304840E-01	1.32000000000000E-02
2.21062721950451E-02	-9.86203142918154E-01	-1.64056921914295E-01	1.47000000000000E-02
4.41429077519109E-01	-8.71290009841863E-01	2.14462323661740E-01	1.49000000000000E-02
3.37895555500836E-01	-9.36643968190416E-01	-9.23291417987402E-02	1.23000000000000E-02
3.44460569665129E-01	-8.49260489373413E-01	-4.00129400488397E-01	1.19000000000000E-02
3.01116781776536E-01	-9.05136975764868E-01	-3.00092883680651E-01	1.46000000000000E-02
7.12438740332002E-01	-6.54975212980595E-01	-2.51870029291245E-01	1.28000000000000E-02
2.50618422357109E-01	-9.53151975148468E-01	-1.69386300053475E-01	1.47000000000000E-02
7.75850137981446E-01	-4.90567813801000E-01	-3.96736415591861E-01	1.23000000000000E-02
9.33438529548863E-01	-2.76795451602069E-01	-2.28203395080049E-01	1.14000000000000E-02
9.88545318000615E-01	-8.42536292906065E-02	-1.25217731214165E-01	1.16000000000000E-02
9.36867168607171E-01	-6.34562579545923E-02	-3.43879647133093E-01	1.32000000000000E-02
9.93444765377344E-01	-5.17441030266208E-02	1.01931574825092E-01	1.35000000000000E-02
8.92354830322722E-01	-1.37581629763108E-01	-4.29853640151426E-01	1.28000000000000E-02
9.29713119134510E-01	-2.51933145276231E-01	2.68632102363817E-01	1.44000000000000E-02
8.12155732510392E-01	5.40539868007774E-01	-2.19589884203814E-01	1.30000000000000E-02
9.03386132499564E-01	3.45899381213160E-01	-2.53470143574803E-01	1.28000000000000E-02
6.39630976548242E-01	5.33017786286722E-01	-5.53863027599733E-01	1.52000000000000E-02
5.25077065670587E-01	5.58746808671053E-01	-6.41947099772776E-01	1.37000000000000E-02
4.05560031921885E-01	7.43684652583568E-01	-5.31464202010988E-01	1.45000000000000E-02
4.74996572053625E-01	8.51037871829077E-01	-2.23858877978826E-01	1.28000000000000E-02
4.30017966885252E-01	8.38520480761049E-01	-3.34616125582931E-01	1.32000000000000E-02
2.92576125418871E-01	8.98195710579288E-01	-3.28090957406399E-01	1.53000000000000E-02
1.17250731194963E-01	8.82778587220848E-01	-4.54922226296550E-01	1.48000000000000E-02
-1.35047568551430E-01	9.32141196123208E-01	-3.35968666274610E-01	1.27000000000000E-02
-2.25365728045734E-01	8.93483376532988E-01	-3.88455588815022E-01	1.29000000000000E-02
-3.11045575926023E-02	9.58740929531398E-01	-2.82574479630130E-01	1.30000000000000E-02
-3.41990215540978E-01	9.15487076762817E-01	-2.11957790030245E-01	1.29000000000000E-02
-1.34189161225971E-01	9.67219425617381E-01	-2.15591863756153E-01	1.34000000000000E-02
-3.22723409858630E-01	5.85836450109138E-01	-7.43401139663331E-01	1.32000000000000E-02
-5.24176083179026E-01	7.53843248609158E-01	-3.96181511872380E-01	1.19000000000000E-02
-6.08219578317341E-01	3.64915314146757E-01	-7.04915426170153E-01	1.43000000000000E-02
-6.69309648862035E-01	6.38481440203163E-01	-3.79955319026162E-01	1.33000000000000E-02
-8.79778418338901E-01	4.10688914261318E-01	-2.39425458813301E-01	1.21000000000000E-02
-8.80280739272337E-01	4.58042858829489E-02	-4.72237003485432E-01	1.20000000000000E-02
-8.20059869086851E-01	3.61701738199713E-01	-4.43479045386095E-01	1.17000000000000E-02
-9.69863361487353E-01	8.44207668423663E-02	-2.28556763562574E-01	1.47000000000000E-02
-9.93427811176259E-01	1.87368457662832E-02	-1.12916405328348E-01	1.28000000000000E-02
-9.46938640400387E-01	-1.25991638922223E-01	-2.95691254923708E-01	1.26000000000000E-02
-9.96546097952355E-01	8.30256647518023E-02	-1.61667821630087E-03	1.39000000000000E-02
-9.39527830923656E-01	-3.39444692766943E-01	-4.54395804585059E-02	1.29000000000000E-02
-7.53076709774585E-01	-5.53002169667923E-01	-3.56460474018724E-01	1.40000000000000E-02
-5.72184388167306E-01	-7.39923763459402E-01	-3.53720016687888E-01	1.29000000000000E-02
-4.93531352594961E-01	-7.45932984202608E-01	-4.47225655664317E-01	1.31000000000000E-02
-8.04004900723598E-01	-5.36235928237098E-01	-2.56957484576990E-01	1.10000000000000E-02
-4.72372266060431E-01	-8.12235101533543E-01	-3.42255141807581E-01	1.35000000000000E-02
-2.96955666624176E-01	-8.61073845749648E-01	-4.12757997167470E-01	1.09000000000000E-02
-3.79255076970924E-02	-9.58504375932996E-01	-2.82543832322021E-01	1.43000000000000E-02
1.19926483267386E-01	-9.06049917752541E-01	-4.05821617403177E-01	1.42000000000000E-02
2.32798654459591E-01	-8.86434553008163E-01	-4.00048209238613E-01	1.28000000000000E-02
7.54514572250774E-02	-9.53233462879541E-01	-2.92665411091387E-01	1.24000000000000E-02
3.60379569747326E-01	-9.11945536548344E-01	-1.96168050605303E-01	1.21000000000000E-02
5.42302488411544E-01	-8.36137238284754E-01	-8.23561158396318E-02	9.85000000000000E-03
6.20903129667819E-01	-7.38318775013898E-01	-2.63371771514494E-01	1.32000000000000E-02
4.83406264648914E-01	-3.92669993354225E-01	-7.82386515487950E-01	1.34000000000000E-02
6.62495267775685E-01	-6.61013496048058E-01	-3.52365120602401E-01	1.27000000000000E-02
8.87453489620317E-01	-4.54841737918500E-01	7.44667523664010E-02	1.51000000000000E-02
7.81107492470365E-01	-1.36368959609615E-01	-6.09323060503743E-01	1.25000000000000E-02
8.93421205760359E-01	-3.05259608975613E-01	-3.29568081321236E-01	1.18000000000000E-02
8.35525647890397E-01	-3.85563627056146E-01	-3.91455720623213E-01	1.47000000000000E-02
9.67043711012144E-01	-2.54230686455971E-01	1.39003257510470E-02	1.22000000000000E-02
8.90702523299929E-01	1.88125938899083E-01	-4.13832872184504E-01	1.26000000000000E-02
9.56217327922659E-01	2.81458230065312E-01	8.01853260201064E-02	1.30000000000000E-02
9.47185306544314E-01	2.35572533422514E-01	-2.17590387111772E-01	1.25000000000000E-02
7.63982251972682E-01	3.53209554092372E-01	-5.39976045365548E-01	1.42000000000000E-02
7.63389632566404E-01	5.59522392666266E-01	-3.22755264860460E-01	1.13000000000000E-02
6.38004936557166E-01	7.18016609605102E-01	-2.78211878358707E-01	1.27000000000000E-02
4.62431958172216E-01	6.54856592907256E-01	-5.97762098821018E-01	1.32000000000000E-02
5.42052451004293E-01	7.81142259249549E-01	-3.09832069312954E-01	1.40000000000000E-02
3.77845093228051E-01	9.25816201415404E-01	-9.87151053464913E-03	1.28000000000000E-02
-5.05743258332209E-04	8.70891518702765E-01	-4.91475031792406E-01	1.28000000000000E-02
-2.40371887490341E-01	9.32403872277911E-01	2.69896970463705E-01	1.34000000000000E-02
2.44520742956963E-01	8.63778576252525E-01	-4.40563477232209E-01	1.30000000000000E-02
-3.41694126423832E-01	8.81949212355640E-01	-3.24670156917323E-01	1.28000000000000E-02
-1.36621077493226E-01	8.20129178520825E-01	-5.55628303565742E-01	1.39000000000000E-02
-3.52648813437617E-01	7.82851955444465E-01	-5.12622307588947E-01	1.32000000000000E-02
-4.22964775185773E-01	8.15242793062260E-01	-3.95575514045161E-01	1.51000000000000E-02
-5.69809307822917E-01	6.72885388101502E-01	-4.71744217980314E-01	1.51000000000000E-02
-6.85248609163792E-01	4.02943238186131E-01	-6.06688627253850E-01	1.09000000000000E-02
-7.55787814687464E-01	4.52982103509701E-01	-4.72855150199163E-01	1.42000000000000E-02
-7.07492781420938E-01	3.02207112057481E-01	-6.38846480509316E-01	1.36000000000000E-02
-8.31432909268908E-01	1.32283352248038E-01	-5.39648433799876E-01	1.43000000000000E-02
-8.62562337011545E-01	-6.76226727570372E-02	-5.01411396857287E-01	1.31000000000000E-02
-7.96497477804750E-01	-2.85393798669030E-01	-5.33049854640193E-01	1.45000000000000E-02
-8.60319010882935E-01	-2.73649756345545E-01	-4.30077911971111E-01	1.14000000000000E-02
-8.16708938660167E-01	-3.78522181302526E-01	-4.35554207618937E-01	1.29000000000000E-02
-6.48488691716291E-01	-7.19383441131908E-01	-2.48897330924433E-01	1.33000000000000E-02
-5.97552866717616E-01	-6.69694149326924E-01	-4.40953872683805E-01	1.31000000000000E-02
-4.36036874959383E-01	-6.52502641801430E-01	-6.19767816297206E-01	1.41000000000000E-02
-3.86412838936062E-01	-5.08249669118153E-01	-7.69654072779881E-01	1.28000000000000E-02
-5.40710747128820E-01	-5.76503075132710E-01	-6.12597822638900E-01	1.26000000000000E-02
-8.21468715652644E-02	-8.74746210363415E-01	-4.77567753252753E-01	1.37000000000000E-02
-3.37137390111492E-01	-7.18259431578987E-01	-6.08639276695680E-01	1.23000000000000E-02
-1.19128441731574E-01	-9.19081797978163E-01	-3.75628889990950E-01	1.34000000000000E-02
1.35367785484795E-01	-9.70187829390058E-01	-2.01025218209928E-01	1.24000000000000E-02
-2.88423878086699E-01	-8.06347135625783E-01	-5.16348683950607E-01	1.61000000000000E-02
8.55695537742334E-02	-8.05263488663170E-01	-5.86709949884011E-01	1.42000000000000E-02
3.74773160983425E-01	-6.62176569501450E-01	-6.48896963014763E-01	1.01000000000000E-02
1.24242748730704E-01	-4.85020494529463E-01	-8.65632057674756E-01	1.27000000000000E-02
6.97682288557524E-01	-7.13355818533315E-01	6.60522550546096E-02	1.23000000000000E-02
8.28330586099512E-01	-2.07958905008879E-01	-5.20212969810967E-01	1.30000000000000E-02
8.01667998824324E-01	-3.16682883982417E-01	-5.06991489725007E-01	1.31000000000000E-02
6.69300284051207E-01	-3.14232843581330E-01	-6.73271750323570E-01	1.34000000000000E-02
8.67767931330010E-01	-2.59521361231498E-01	-4.23824822798033E-01	1.26000000000000E-02
9.15598605716039E-01	6.64141792716386E-02	-3.96570737703275E-01	1.34000000000000E-02
5.13798155982229E-01	-2.77967186726812E-01	-8.11631503831906E-01	1.35000000000000E-02
8.44186801422383E-01	-8.85719630785056E-02	-5.28681049084100E-01	1.28000000000000E-02
8.59596374925777E-01	6.69985046507023E-02	-5.06562209989091E-01	1.41000000000000E-02
7.98264480886593E-01	4.21133365445528E-01	-4.30604815420567E-01	1.29000000000000E-02
8.27229821189747E-01	4.62804431323357E-01	-3.18595168327836E-01	1.47000000000000E-02
6.82645324930525E-01	6.32447480839448E-01	-3.66067677254265E-01	1.28000000000000E-02
5.13180385255498E-01	7.03569349522888E-01	-4.91564911889525E-01	1.39000000000000E-02
5.87850580861769E-01	4.65381010880942E-01	-6.61704019401357E-01	1.28000000000000E-02
5.62172853067311E-01	6.17480600558727E-01	-5.50163058745125E-01	1.06000000000000E-02
4.73334556088036E-01	7.76169179905473E-01	-4.16552280245597E-01	1.22000000000000E-02
2.02741984455741E-01	2.13225216197087E-01	-9.55735682559070E-01	1.48000000000000E-02
-2.22049198647309E-02	8.11236031806985E-01	-5.84297049651849E-01	1.11000000000000E-02
-2.27692663057564E-01	8.37664157318850E-01	-4.96462295379070E-01	1.23000000000000E-02
-2.55851056553767E-01	7.66596949917835E-01	-5.88956155615163E-01	1.46000000000000E-02
-3.88177230790619E-01	7.10755938768889E-01	-5.86638247134024E-01	1.28000000000000E-02
-4.23058432587239E-01	5.29662030187582E-01	-7.35173242436363E-01	1.35000000000000E-02
-7.32600502158507E-01	5.46328431863773E-01	-4.05982448850159E-01	1.15000000000000E-02
-5.13542627400674E-01	5.57353006345083E-01	-6.52404472823806E-01	1.39000000000000E-02
-8.29907812703387E-01	2.46494891615207E-01	-5.00493047725426E-01	1.35000000000000E-02
-7.72936692777347E-01	2.14293485662464E-01	-5.97199439853259E-01	1.19000000000000E-02
-9.14277717445186E-01	-5.18904392601249E-02	-4.01750715863220E-01	1.39000000000000E-02
-8.02761322840523E-01	-1.12639595233831E-01	-5.85565180092610E-01	1.33000000000000E-02
-9.04705820978989E-01	-1.78533269188513E-01	-3.86824571711253E-01	1.43000000000000E-02
-7.57704572766250E-01	-4.77167325994752E-01	-4.45191108864644E-01	1.21000000000000E-02
-7.24474262422713E-01	-3.22239802565936E-01	-6.09342721897400E-01	8.77000000000000E-03
-7.41839799811856E-01	-4.05985792194424E-01	-5.33712701695743E-01	1.46000000000000E-02
-6.64346740558887E-01	-4.99544044515586E-01	-5.55966865827265E-01	1.44000000000000E-02
-5.72019486980923E-01	-4.81738857355252E-01	-6.63868495884641E-01	1.36000000000000E-02
-5.20889099212884E-01	-6.64853512575018E-01	-5.35391775373743E-01	1.20000000000000E-02
-4.15008921547553E-01	-7.37736998311927E-01	-5.32458182731418E-01	1.31000000000000E-02
-3.32093546924855E-01	-9.19642466660127E-01	-2.09694085768160E-01	1.28000000000000E-02
3.83250069067844E-02	-8.70327212351774E-01	-4.90980383809358E-01	1.33000000000000E-02
1.42443339512700E-01	-7.32287913372880E-01	-6.65931157820733E-01	1.24000000000000E-02
1.64059688385824E-01	-8.50110533468707E-01	-5.00396342444961E-01	1.20000000000000E-02
2.58935824994046E-01	-6.90891591027524E-01	-6.74997072572991E-01	1.59000000000000E-02
4.38462246655549E-01	-6.97705711049476E-01	-5.66531198634913E-01	1.41000000000000E-02
7.66385496270492E-01	-4.22055251599518E-01	-4.84275371770543E-01	1.20000000000000E-02
3.95092228983410E-01	-7.81715886250993E-01	-4.82516739377758E-01	1.26000000000000E-02
7.18754168823942E-01	-3.78757400256842E-01	-5.83039686941533E-01	1.30000000000000E-02
8.91882244064498E-01	-2.42749619571236E-02	-4.51615753649554E-01	1.15000000000000E-02
6.42369034793807E-01	-1.15806814968237E-01	-7.57595409664673E-01	1.25000000000000E-02
9.96077987168113E-01	6.94173268203985E-02	5.48623570057758E-02	1.30000000000000E-02
7.98484583714971E-01	-7.70886564625249E-03	-6.01965898502544E-01	1.45000000000000E-02
9.07095660104852E-01	2.61998992681029E-01	-3.29444974545169E-01	1.23000000000000E-02
8.37706699566229E-01	2.91855053315037E-01	-4.61593017014264E-01	1.53000000000000E-02
8.60109285666922E-01	3.60048159392198E-01	-3.61354866617049E-01	1.21000000000000E-02
6.79577455783964E-01	4.20757438444059E-01	-6.00947301836181E-01	1.27000000000000E-02
6.36068655064374E-01	6.13973916483921E-01	-4.67389233853318E-01	1.34000000000000E-02
6.30627818763246E-01	3.62463956908941E-01	-6.86242256163101E-01	1.12000000000000E-02
3.57115794571010E-01	6.74365021711983E-01	-6.46297243348067E-01	1.43000000000000E-02
1.97796964723220E-01	8.13661226018913E-01	-5.46655074082075E-01	1.23000000000000E-02
1.44503721804987E-01	7.53836089837918E-01	-6.40975681319022E-01	1.41000000000000E-02
2.51306522159117E-02	7.41299814809539E-01	-6.70703388154962E-01	1.41000000000000E-02
-9.22382800872537E-02	7.58346524236944E-01	-6.45292684651151E-01	1.30000000000000E-02
-1.90784077014446E-01	7.17167318130280E-01	-6.70277907858798E-01	1.09000000000000E-02
-2.97136968703787E-01	6.82129665661087E-01	-6.68138264923224E-01	1.36000000000000E-02
-4.92740417859840E-01	6.51039928337914E-01	-5.77368073517295E-01	1.38000000000000E-02
-5.17999313669655E-01	4.54844042726130E-01	-7.24426399183738E-01	1.18000000000000E-02
-5.86993178771438E-01	5.81562021271533E-01	-5.63226973333459E-01	1.13000000000000E-02
-6.08487706235304E-01	1.55183147263077E-01	-7.78242187346601E-01	1.30000000000000E-02
-8.05335305714926E-01	4.77389786889555E-01	-3.51474091139859E-01	1.52000000000000E-02
-8.16695804412274E-01	1.59129504272421E-02	-5.76848975958255E-01	1.32000000000000E-02
-7.44311491194778E-01	-7.66642742106304E-03	-6.67788611737279E-01	1.34000000000000E-02
-7.30439646120014E-01	-1.17329926318717E-01	-6.72823611183579E-01	1.07000000000000E-02
-7.50379454380312E-01	-2.15374553224377E-01	-6.24935577693656E-01	1.51000000000000E-02
-6.55775436067624E-01	-4.07652502728571E-01	-6.35435295265733E-01	1.35000000000000E-02
-4.71637013482962E-01	-5.42984394324298E-01	-6.94785200643440E-01	1.30000000000000E-02
-2.84182541082937E-01	-4.83429831466051E-01	-8.27970942359905E-01	1.35000000000000E-02
-1.62934762175271E-01	-8.13862986520589E-01	-5.57744836324527E-01	1.26000000000000E-02
-1.17563327354649E-01	-7.51225855156869E-01	-6.49491015030333E-01	1.52000000000000E-02
-3.78372810915085E-02	-8.18567972001411E-01	-5.73162119625066E-01	1.28000000000000E-02
1.51070163227774E-02	-7.49227333741785E-01	-6.62140604729840E-01	1.31000000000000E-02
2.81440050545000E-01	-8.18302159989116E-01	-5.01171700025423E-01	1.42000000000000E-02
4.58020683403728E-01	-5.84424658281703E-01	-6.69824508633937E-01	1.58000000000000E-02
4.55675211138899E-01	-8.03670146332754E-01	-3.82719737989836E-01	1.47000000000000E-02
6.97699101271933E-01	-5.61534242689171E-01	-4.44854199004387E-01	1.36000000000000E-02
6.23464175178141E-01	-5.76903870740075E-01	-5.27706685758820E-01	1.10000000000000E-02
5.25574484201243E-01	-4.75579507458655E-01	-7.05404560264518E-01	1.26000000000000E-02
7.05695072844032E-01	-1.85527232331186E-01	-6.83793909176723E-01	1.37000000000000E-02
6.48980942924445E-01	1.59738103635533E-03	-7.60802986386569E-01	1.36000000000000E-02
7.31019816632037E-01	6.16715348475070E-02	-6.79563572803027E-01	1.31000000000000E-02
9.69379305872604E-01	-6.97120835781618E-02	-2.35465468273247E-01	1.25000000000000E-02
7.18814499046636E-01	1.81286434645181E-01	-6.71148973458182E-01	1.35000000000000E-02
6.23061488944812E-01	2.58388846466263E-01	-7.38261190240762E-01	1.49000000000000E-02
8.40847786259598E-01	1.82426298090631E-01	-5.09603420423451E-01	1.17000000000000E-02
4.86545340443149E-01	4.86953395159412E-01	-7.25361994204122E-01	1.29000000000000E-02
4.16160736296744E-01	5.83836365227144E-01	-6.97097798162716E-01	1.23000000000000E-02
3.08860121314996E-01	5.92728587529584E-01	-7.43826758719037E-01	1.32000000000000E-02
2.39271656733182E-01	6.78075769981746E-01	-6.94954908211906E-01	1.23000000000000E-02
2.73711139589866E-01	7.43639349039669E-01	-6.09985844609753E-01	1.33000000000000E-02
1.09371532133761E-01	6.80912050309774E-01	-7.24152364976910E-01	1.37000000000000E-02
-3.79276179281823E-03	6.40835887122922E-01	-7.67668535719264E-01	1.36000000000000E-02
-2.13801935275110E-01	6.27431815596872E-01	-7.48744315003079E-01	1.29000000000000E-02
-4.08156973136399E-01	6.27809310049873E-01	-6.62769458782489E-01	1.21000000000000E-02
-4.34910273023810E-01	2.93218206989005E-01	-8.51396580630030E-01	1.28000000000000E-02
-6.10903201224691E-01	2.62707189556168E-01	-7.46848184900334E-01	1.21000000000000E-02
-7.64565428537466E-01	3.49622867924998E-01	-5.41482738145196E-01	1.43000000000000E-02
-6.96749468266615E-01	1.98165926471085E-01	-6.89398610425089E-01	1.44000000000000E-02
-6.79617854941614E-01	7.56845380229380E-02	-7.29651575718721E-01	1.27000000000000E-02
-6.60521465668282E-01	-5.67629308463577E-02	-7.48658375411078E-01	1.40000000000000E-02
-6.55993771380574E-01	-1.79184742457895E-01	-7.33188243209197E-01	1.27000000000000E-02
-6.58222025908205E-01	-2.92139426301878E-01	-6.93828739826555E-01	1.43000000000000E-02
-5.73908208397187E-01	-3.77993216099742E-01	-7.26464381037985E-01	1.28000000000000E-02
-4.80854970347909E-01	-4.38959151150847E-01	-7.59008142981772E-01	1.26000000000000E-02
-2.67934093149776E-01	-6.72896061479956E-01	-6.89508674472460E-01	1.27000000000000E-02
-2.30964047910672E-01	-7.50088786898611E-01	-6.19695425464547E-01	1.19000000000000E-02
-5.47111838866398E-02	-6.87836825932851E-01	-7.23800516197897E-01	9.50000000000000E-03
5.26219051050973E-02	-6.64245330436020E-01	-7.45660161264534E-01	1.55000000000000E-02
2.10914535497438E-01	-7.82199328087497E-01	-5.86241648004786E-01	1.28000000000000E-02
3.36478779806314E-01	-5.97789138703015E-01	-7.27619527217872E-01	1.40000000000000E-02
5.02116135001132E-01	-7.21064412981619E-01	-4.77436382466814E-01	1.18000000000000E-02
5.31520721460396E-01	-6.31405065893547E-01	-5.64635604104261E-01	1.32000000000000E-02
7.46204900191682E-01	-5.76656964715091E-01	-3.32633419811507E-01	1.32000000000000E-02
6.23754867095656E-01	-4.31632458113925E-01	-6.51631250690918E-01	1.41000000000000E-02
5.49075676794594E-01	-1.56462748396351E-01	-8.20996534412185E-01	1.39000000000000E-02
7.96359700702111E-01	1.16982530336119E-01	-5.93402321105843E-01	1.26000000000000E-02
7.22610630330211E-01	-5.75691965236710E-02	-6.88853877498989E-01	1.30000000000000E-02
6.50418580721119E-01	1.33957946932297E-01	-7.47670340662520E-01	1.32000000000000E-02
7.76875380661193E-01	2.41235979651423E-01	-5.81609701642040E-01	1.22000000000000E-02
5.43866027424062E-01	3.75151174949086E-01	-7.50647280783917E-01	1.32000000000000E-02
4.47200800570396E-01	3.94322222549879E-01	-8.02820919491090E-01	1.22000000000000E-02
3.79273255171021E-01	4.96477457759655E-01	-7.80808511639369E-01	1.41000000000000E-02
2.00043269424655E-01	5.99866175350434E-01	-7.74689138963711E-01	1.37000000000000E-02
8.96029190050059E-02	5.94418584722359E-01	-7.99148210936150E-01	1.01000000000000E-02
-1.05339801870863E-01	5.87818116334370E-01	-8.02105596695921E-01	1.30000000000000E-02
-9.91759188507658E-02	6.79209811765254E-01	-7.27212602147345E-01	1.27000000000000E-02
-3.32825107993418E-01	4.83928631290898E-01	-8.09345740277965E-01	1.26000000000000E-02
-4.37004875118046E-01	4.18139811334710E-01	-7.96357857561556E-01	1.41000000000000E-02
-3.46014236367492E-01	3.73100641092627E-01	-8.60854261676906E-01	1.30000000000000E-02
-5.24049095070247E-01	3.33147488153935E-01	-7.83827338827103E-01	1.32000000000000E-02
-6.00492385760234E-01	3.37450099938645E-02	-7.98918124055585E-01	1.27000000000000E-02
-5.15767207111995E-01	-1.81818584698552E-02	-8.56535818334804E-01	1.35000000000000E-02
-5.73939549625822E-01	-1.22731505250196E-01	-8.09648300803706E-01	1.53000000000000E-02
-5.81235336844947E-01	-2.56128715699045E-01	-7.72375274201017E-01	1.22000000000000E-02
-4.90854501441641E-01	-3.32220349896314E-01	-8.05413867231778E-01	1.32000000000000E-02
-3.83119066701793E-01	-4.06339640135758E-01	-8.29522680572321E-01	1.32000000000000E-02
-2.74093903149075E-01	-5.85284399671590E-01	-7.63095474863775E-01	1.26000000000000E-02
-1.60742802794769E-01	-6.55266534314532E-01	-7.38097229609421E-01	1.48000000000000E-02
-6.41747689213450E-02	-6.01677049580292E-01	-7.96157225076960E-01	1.44000000000000E-02
1.08659731459276E-01	-2.94818469730915E-01	-9.49355114098364E-01	1.28000000000000E-02
1.72145375574029E-01	-6.50459500650983E-01	-7.39775917208278E-01	1.07000000000000E-02
3.22522537744857E-01	-5.10538443972370E-01	-7.97075724051916E-01	1.07000000000000E-02
4.25965989413841E-01	-4.96362841243023E-01	-7.56423760663188E-01	1.26000000000000E-02
5.71426009992103E-01	-5.35803276185676E-01	-6.21600486110814E-01	1.29000000000000E-02
3.21637206697430E-01	-2.26949970150869E-01	-9.19262322907011E-01	1.38000000000000E-02
6.16005260077809E-01	-2.31773847630031E-01	-7.52873431003672E-01	1.27000000000000E-02
4.69422186918675E-01	-9.87440277882364E-02	-8.77435141423366E-01	1.06000000000000E-02
5.79875169502956E-01	7.30636674507054E-02	-8.11422509111357E-01	1.06000000000000E-02
5.52962922129848E-01	1.84113756638136E-01	-8.12609458083163E-01	1.36000000000000E-02
5.04441303703604E-01	2.88805898385086E-01	-8.13713785170062E-01	1.33000000000000E-02
3.35341219042742E-01	4.06679884227351E-01	-8.49798645901342E-01	1.31000000000000E-02
2.72336960077752E-01	3.20501409843106E-01	-9.07254885059424E-01	1.26000000000000E-02
7.83990419393717E-02	4.18352494264849E-01	-9.04894900397481E-01	1.36000000000000E-02
7.83872399814836E-03	5.28789216596598E-01	-8.48716983933535E-01	1.55000000000000E-02
-1.14596903988587E-01	4.87356964457377E-01	-8.65650471490151E-01	1.30000000000000E-02
-2.19228470339198E-01	5.35687106157635E-01	-8.15461956248844E-01	1.32000000000000E-02
-2.36119569910012E-01	4.36523657798425E-01	-8.68155887434850E-01	1.36000000000000E-02
-3.35805238528089E-01	2.58318714956965E-01	-9.05818018853717E-01	1.39000000000000E-02
-5.17549491852660E-01	2.11206881372173E-01	-8.29176806684855E-01	1.37000000000000E-02
-5.12413953708892E-01	9.41489149821993E-02	-8.53561902765168E-01	1.28000000000000E-02
-4.77405491854737E-01	-1.20271394492424E-01	-8.70412998532181E-01	1.04000000000000E-02
-4.89900982495914E-01	-2.26718530354752E-01	-8.41781287118761E-01	1.33000000000000E-02
-3.88300471951247E-01	-2.96833216485967E-01	-8.72417781268260E-01	1.30000000000000E-02
-2.87289129779916E-01	-3.65430192024505E-01	-8.85395804523169E-01	1.26000000000000E-02
-1.82307280047436E-01	-5.49167818610658E-01	-8.15584920559543E-01	1.23000000000000E-02
-8.45050075000949E-02	-5.02249718381324E-01	-8.60583595064006E-01	1.28000000000000E-02
2.21134116377259E-02	-5.35978603042800E-01	-8.43941902091624E-01	1.21000000000000E-02
1.14688713400991E-01	-5.82402269900390E-01	-8.04769591270258E-01	1.24000000000000E-02
2.31304175321187E-01	-5.68358469025930E-01	-7.89599283919055E-01	1.40000000000000E-02
3.70046693265557E-01	-4.14230414617863E-01	-8.31551927668223E-01	1.31000000000000E-02
7.51709548897945E-01	-2.60363648645175E-01	-6.05923695327900E-01	1.29000000000000E-02
4.36859292037813E-01	-2.06807763229386E-01	-8.75433897006666E-01	1.31000000000000E-02
5.49490779223240E-01	-3.19887573917085E-02	-8.34887179772914E-01	1.45000000000000E-02
4.86014233544940E-01	8.63790953244680E-02	-8.69671671771968E-01	1.32000000000000E-02
4.42717940532855E-01	2.04830146048861E-01	-8.72952138665086E-01	1.31000000000000E-02
3.85008204520934E-01	3.05413270959236E-01	-8.70914126865299E-01	1.30000000000000E-02
3.24937938610567E-01	2.09850924842043E-01	-9.22159381774351E-01	1.33000000000000E-02
2.66004046122147E-01	5.00753950800876E-01	-8.23703422479207E-01	1.22000000000000E-02
-2.88411809293608E-02	4.26018718674365E-01	-9.04254520376675E-01	1.12000000000000E-02
-1.17364620863042E-02	2.06138581123061E-01	-9.78452421342125E-01	1.25000000000000E-02
-1.30220868671029E-01	3.80477202922355E-01	-9.15576115579116E-01	1.24000000000000E-02
-2.35792953652765E-01	3.30320348734892E-01	-9.13942093471661E-01	1.28000000000000E-02
-4.21444117958522E-01	1.67971602502366E-01	-8.91162384860890E-01	1.29000000000000E-02
-4.09220437336725E-01	4.95427319492575E-02	-9.11089540811957E-01	1.34000000000000E-02
-3.92136344223408E-01	-6.30460593426714E-02	-9.17744126617251E-01	1.38000000000000E-02
-3.84265106365913E-01	-1.81328662548002E-01	-9.05240434452718E-01	1.31000000000000E-02
-2.85336151990549E-01	-2.45695889621121E-01	-9.26399919144271E-01	1.41000000000000E-02
-1.84834601628814E-01	-4.37722394046216E-01	-8.79906401721891E-01	1.40000000000000E-02
-8.83314775741068E-02	-3.85549624468095E-01	-9.18449256705064E-01	1.21000000000000E-02
2.21023497561877E-02	-4.27540530827444E-01	-9.03725943322997E-01	1.45000000000000E-02
2.39721350727153E-01	-4.55661983937895E-01	-8.57266487388449E-01	1.39000000000000E-02
2.95022741578049E-01	-3.46098980598670E-01	-8.90604894204120E-01	1.33000000000000E-02
4.06044915893090E-01	-3.11734494017590E-01	-8.59039656545010E-01	1.22000000000000E-02
3.63840034022631E-01	-1.10464332399312E-01	-9.24888134268130E-01	1.29000000000000E-02
4.18532330343588E-01	-3.86859023231716E-03	-9.08193659120553E-01	1.40000000000000E-02
3.84493736068977E-01	1.04247492008895E-01	-9.17222452480081E-01	1.22000000000000E-02
2.74822791082225E-01	1.14556053063744E-01	-9.54646187971351E-01	1.19000000000000E-02
1.58762490641415E-01	3.29169400242223E-01	-9.30828650993032E-01	1.27000000000000E-02
1.43981341805037E-01	5.10695249936224E-01	-8.47620041589743E-01	1.38000000000000E-02
-1.20514335096908E-01	2.73082382214400E-01	-9.54412021906816E-01	1.44000000000000E-02
-2.32018856039613E-01	2.15989952367438E-01	-9.48427957684916E-01	1.26000000000000E-02
-2.23004776262519E-01	8.65593879101469E-02	-9.70966704953740E-01	1.36000000000000E-02
-3.04395933078053E-01	2.10029633360234E-03	-9.52543282313645E-01	1.22000000000000E-02
-2.81415570082785E-01	-1.22133642354692E-01	-9.51781829160526E-01	1.27000000000000E-02
-9.43414112552967E-02	-2.51973181540688E-01	-9.63124713578995E-01	1.40000000000000E-02
-1.88416139627140E-01	-3.18051548231676E-01	-9.29162295293690E-01	1.36000000000000E-02
1.69011263149574E-03	-3.26364198192133E-01	-9.45242589845431E-01	1.22000000000000E-02
1.62058424750365E-01	-3.85698921349425E-01	-9.08280468268100E-01	1.37000000000000E-02
2.16249057850733E-01	-2.73932770819644E-01	-9.37121754122559E-01	1.24000000000000E-02
2.54603298624583E-01	-1.34220134043240E-01	-9.57685812752228E-01	1.35000000000000E-02
2.94923905121188E-01	-5.67124740302188E-03	-9.55503912676950E-01	1.49000000000000E-02
1.91342349383535E-01	5.34634386093613E-02	-9.80066204939468E-01	1.31000000000000E-02
2.05553079616317E-01	4.20837045940584E-01	-8.83540668121309E-01	1.28000000000000E-02
4.80062476532958E-03	3.22826026251197E-01	-9.46446147848214E-01	1.50000000000000E-02
-1.25171903194114E-01	1.62451927990131E-01	-9.78744790914900E-01	1.27000000000000E-02
-3.20283623434208E-01	1.31984241625781E-01	-9.38082384720191E-01	1.30000000000000E-02
-1.88037395796541E-01	-5.30279950755858E-02	-9.80729304915642E-01	1.62000000000000E-02
-1.83948037567688E-01	-1.81355252377269E-01	-9.66060759947412E-01	1.24000000000000E-02
-7.38055044260400E-02	-1.36857234157668E-01	-9.87837458783139E-01	1.31000000000000E-02
2.47317546284264E-02	-2.17900493303078E-01	-9.75657580983858E-01	1.16000000000000E-02
1.43293316757520E-01	-1.78851940066135E-01	-9.73385334236759E-01	1.34000000000000E-02
1.69008570681006E-01	-6.54214631735180E-02	-9.83440966806141E-01	1.26000000000000E-02
9.21717355779076E-02	2.47463046491893E-01	-9.64503194282687E-01	1.14000000000000E-02
1.00523592792166E-01	1.32332538375420E-01	-9.86094877067755E-01	1.41000000000000E-02
-4.68658658241156E-02	-2.71667848839574E-02	-9.98531700257745E-01	1.23000000000000E-02
-1.25482594561820E-01	4.62569793198726E-02	-9.91016856731627E-01	1.05000000000000E-02
4.33520749722174E-02	-1.00078447512821E-01	-9.94034658318826E-01	1.45000000000000E-02
8.40431896906242E-02	1.47589173952979E-02	-9.96352807304693E-01	1.16000000000000E-02
-1.62511535829045E-02	8.61743888421826E-02	-9.96147516543057E-01	1.43000000000000E-02
