This design was downloaded from: http://web.maths.unsw.edu.au/~rsw/Sphere/Extremal/New/extremal1.html
                            Catesian Coordinates               		|     Weights
	x		|	y		|	z	    	|	w 
0.00000000000E+00	0.00000000000000E+00	1.00000000000000E+00	1.09E-02
8.46372416046E-01	0.00000000000000E+00	5.32591525802141E-01	8.30E-03
7.78029528877E-02	7.58820042221888E-02	9.94076768643740E-01	1.03E-02
3.25221127801E-01	-2.06452455420478E-01	9.22826420126041E-01	1.10E-02
-2.90895252492E-01	-4.69139948127170E-02	9.55604012741851E-01	1.02E-02
-5.81372695269E-02	-3.59788268583480E-01	9.31220951053861E-01	1.09E-02
1.15887698467E-01	9.91086868311158E-01	6.57028218962442E-02	1.10E-02
-9.09183235796E-01	1.74926344635994E-01	3.77871165477642E-01	1.03E-02
-1.48335042521E-01	1.53438380115313E-01	9.76961298449358E-01	1.26E-02
-4.18000750414E-01	9.18357217063234E-02	9.03792881622591E-01	1.04E-02
-4.12727362013E-01	-8.64499459562619E-01	2.86874204245425E-01	1.04E-02
-3.18403291106E-01	-8.93975459367231E-01	3.15320824339278E-01	1.09E-02
4.64129866083E-01	-7.13587397543303E-01	5.24763273750451E-01	1.15E-02
4.77354478909E-01	2.69765209205651E-02	8.78296629154617E-01	9.67E-03
5.76207679721E-01	-3.13640323513628E-01	7.54728068443705E-01	9.05E-03
8.06873393316E-01	1.82509096753730E-01	5.61823599327121E-01	1.20E-02
1.45738600298E-01	1.64476485670434E-01	9.75555096365481E-01	1.05E-02
-3.27887886120E-01	-5.02610321330768E-01	7.99920245416739E-01	1.27E-02
-2.07617823497E-01	5.19838807786887E-01	8.28650984000495E-01	1.13E-02
-7.61990621066E-01	4.30338714633273E-01	4.83920328250970E-01	1.02E-02
-6.91684574365E-01	4.53952894230514E-01	5.61693171941087E-01	1.19E-02
4.86772943344E-01	-7.16053464626524E-02	8.70588752503721E-01	1.08E-02
-9.62024346145E-01	2.61385941026224E-01	7.86546073516868E-02	1.34E-02
-5.71932983256E-01	-2.60624406036903E-01	7.77796619716152E-01	1.11E-02
-4.89033277563E-01	-3.51985263373452E-01	7.98093245055768E-01	1.13E-02
-9.17935262557E-02	-2.66939652262367E-01	9.59331627013095E-01	1.06E-02
4.18617764475E-01	-3.51364911431931E-01	8.37437679042658E-01	1.00E-02
1.41370660005E-01	-4.25474331844788E-01	8.93860128560863E-01	1.11E-02
3.90146576735E-01	-8.97936968221447E-03	9.20708976594709E-01	1.23E-02
-2.60298810652E-01	3.38167351697163E-01	9.04371257514998E-01	8.94E-03
7.86436230329E-01	-2.19880080205030E-02	6.17279987630762E-01	1.24E-02
3.26768344653E-01	4.30262539870733E-01	8.41484756675183E-01	9.90E-03
-1.59880373721E-01	-3.36991424971695E-01	9.27833522564466E-01	1.05E-02
-1.46065578950E-01	-6.51860623631947E-01	7.44138813666008E-01	1.04E-02
3.19165889765E-01	-5.95024385791132E-01	7.37617187384038E-01	8.33E-03
6.12860538592E-02	7.42752397686441E-01	6.66755498915010E-01	1.04E-02
3.22776720593E-01	-3.18796860579441E-01	8.91169877368026E-01	1.12E-02
5.67186556239E-01	-1.51704229730048E-03	8.23587948554859E-01	1.09E-02
-7.83265544614E-01	-2.11045395591053E-01	5.84769123346656E-01	1.12E-02
-6.53342338542E-01	-3.84254726795200E-01	6.52297549899057E-01	1.12E-02
-4.22097542126E-01	-1.96672794859195E-01	8.84959590429809E-01	1.06E-02
6.39982698849E-01	2.60070018882175E-01	7.23039231613932E-01	1.10E-02
-7.22172080656E-01	-3.91258956393084E-01	5.70424328866812E-01	1.10E-02
4.30134844749E-02	3.78353528356294E-01	9.24661261075466E-01	1.05E-02
-4.81913236675E-02	-7.03404379393948E-01	7.09154338189217E-01	1.14E-02
3.81774943237E-01	-7.83693470503279E-01	4.89971873689774E-01	1.06E-02
-5.27651208221E-01	4.13040228641587E-01	7.42281598846894E-01	1.05E-02
-5.63908540194E-02	2.01428505812519E-01	9.77878636963245E-01	7.42E-03
-6.44736049160E-01	-4.11268285308452E-02	7.63298114034183E-01	1.15E-02
8.75198892527E-01	-3.93847128780276E-01	2.80911618966997E-01	9.69E-03
-3.30386845629E-01	-4.01048129241530E-01	8.54403259747535E-01	1.12E-02
3.43703298644E-01	1.05129002209885E-01	9.33175190088041E-01	1.18E-02
4.20647039222E-01	3.93738109686391E-01	8.17328801262966E-01	1.06E-02
-4.16143861906E-01	-6.09355032104017E-01	6.74915351023916E-01	9.01E-03
5.38458195834E-01	6.76334379448804E-01	5.02627673844426E-01	1.16E-02
4.76017959295E-01	4.99680744078102E-01	7.23689198776848E-01	1.17E-02
2.33855006387E-01	-3.74806040470859E-01	8.97124443995438E-01	1.13E-02
-3.81242541773E-01	5.44961820136108E-01	7.46773552649390E-01	9.77E-03
2.36463814146E-01	-4.69682378582970E-01	8.50578231468525E-01	1.09E-02
4.11218296918E-01	-1.38078901728485E-01	9.01018162512584E-01	1.04E-02
4.29247195497E-01	-4.42557680252271E-01	7.87330645159606E-01	1.06E-02
-7.49541973921E-01	2.73027600089290E-01	6.03027991821345E-01	1.09E-02
1.97041455685E-01	6.63193476960866E-02	9.78149481859881E-01	1.16E-02
4.38170557231E-01	1.17853700499802E-01	8.91132463809026E-01	9.33E-03
-3.98353272831E-01	-3.11582947026695E-01	8.62688087982491E-01	1.27E-02
-3.45303008395E-01	-6.77791317006518E-01	6.49126153366311E-01	1.12E-02
5.12157416627E-01	3.90250361357712E-01	7.65114001998419E-01	1.20E-02
5.94779145979E-02	-4.94053675124003E-01	8.67394572136319E-01	1.12E-02
1.45143460984E-01	6.92135214339474E-01	7.07023493813975E-01	1.15E-02
4.37636813887E-01	-6.55042951236607E-01	6.15948659521209E-01	1.04E-02
-1.16129125346E-01	7.76746765640765E-01	6.19014126101340E-01	1.08E-02
-1.86558669370E-01	6.09457969538963E-01	7.70556192790825E-01	1.07E-02
5.21708835855E-01	-4.00268017175003E-01	7.53395915185393E-01	1.24E-02
-6.05665002065E-01	3.44471787681010E-01	7.17292891896437E-01	1.09E-02
5.56660371411E-01	2.74718517406217E-01	7.84001892277747E-01	1.08E-02
7.13130336738E-01	-1.84726886742224E-01	6.76255203409778E-01	9.02E-03
-9.38908644125E-01	7.86955776210030E-02	3.35048599535390E-01	1.06E-02
-4.99060794974E-01	-4.43502064031335E-01	7.44475817014690E-01	1.06E-02
-7.22260738945E-01	-2.93912310727078E-01	6.26063078755671E-01	1.01E-02
-3.80348497419E-01	-7.33310255862489E-01	5.63552206239744E-01	1.14E-02
-2.29423495898E-01	-4.08178171057845E-01	8.83603666924059E-01	9.92E-03
4.64806871496E-02	-1.24967693667745E-01	9.91071451138344E-01	1.18E-02
1.10434481143E-01	4.50041661228802E-01	8.86152768168677E-01	1.12E-02
3.39399496157E-02	-2.70073149504809E-01	9.62241432145092E-01	1.17E-02
1.99472716918E-01	-8.25394783156907E-01	5.28142108852001E-01	1.14E-02
-6.30190177055E-02	3.85446649210412E-01	9.20575626453310E-01	1.02E-02
-3.11512688877E-01	5.73072899042995E-02	9.48512371660305E-01	1.19E-02
-2.45682260955E-01	1.42241124744828E-01	9.58857491540630E-01	8.58E-03
-1.21929492399E-01	2.73751032763866E-01	9.54040654764783E-01	1.17E-02
7.23645866809E-01	-7.68178978950662E-02	6.85883131454264E-01	1.05E-02
9.22183946413E-01	1.81341325150400E-01	3.41602243511021E-01	1.10E-02
8.22654539514E-01	4.49015068264544E-01	3.48747727000937E-01	1.02E-02
9.70189407015E-01	-2.19178602446424E-02	2.41354763613098E-01	9.58E-03
7.65632176329E-01	4.53093883133181E-01	4.56632569619675E-01	1.14E-02
5.60254021441E-01	4.47747320270206E-01	6.96877154633136E-01	8.52E-03
3.13795821723E-01	6.09586616883793E-01	7.27967264913462E-01	1.13E-02
-2.72861509196E-01	8.73389280894619E-01	4.03407685620781E-01	1.07E-02
2.43049717776E-01	-6.58431153449444E-01	7.12316819158675E-01	1.07E-02
-1.76426523894E-01	8.70293339803400E-01	4.59851263301923E-01	1.06E-02
9.86399901400E-02	2.73168999874237E-01	9.56895422631376E-01	1.05E-02
-2.86080994858E-01	5.71162064779029E-01	7.69370885944148E-01	1.07E-02
-4.34207208255E-01	4.09965976532650E-01	8.02117197412329E-01	1.12E-02
-2.31840807545E-01	2.45220863714093E-01	9.41337648220017E-01	1.23E-02
-6.99726948006E-01	-1.06411365174487E-01	7.06440952660534E-01	8.95E-03
-5.36101065565E-01	-1.69740464208483E-01	8.26912221647783E-01	1.10E-02
-3.37930668551E-01	1.63987991759021E-01	9.26774407184257E-01	1.07E-02
-4.86239047053E-01	1.13752676158741E-02	8.73751791075450E-01	1.09E-02
-6.42568803486E-01	-5.65288757949693E-01	5.17256177267755E-01	1.07E-02
-3.62499419858E-01	-1.25251074132735E-01	9.23529284338864E-01	1.11E-02
-7.55506695956E-01	-5.63780913219345E-01	3.33707528015921E-01	1.16E-02
-4.85301512404E-01	-2.58182911117179E-01	8.35358621470779E-01	8.80E-03
2.14453207335E-01	6.18911305734118E-01	7.55618036774052E-01	1.02E-02
-1.59390400508E-01	-7.22880767600870E-01	6.72337784196727E-01	1.06E-02
4.14653088109E-01	-5.73749098589892E-01	7.06310688287176E-01	1.20E-02
2.43015317830E-01	-7.41153895046722E-01	6.25807046266586E-01	1.23E-02
-2.40707930245E-01	4.31286441933695E-01	8.69512333047274E-01	1.09E-02
-4.55829345912E-02	1.01763750500154E-01	9.93763721997435E-01	1.19E-02
2.38535117817E-01	-5.61153726121253E-01	7.92595415851109E-01	1.14E-02
-6.78310803445E-01	2.62090637236323E-01	6.86442242146216E-01	1.10E-02
7.78260930546E-01	-3.18397795813958E-01	5.41232637232773E-01	1.07E-02
7.05058111598E-01	-3.43886937497911E-01	6.20189352930559E-01	1.10E-02
6.84462289229E-01	-5.15342396204720E-01	5.15687491894999E-01	1.09E-02
7.33539773398E-01	-4.20775077338628E-01	5.33730020828727E-01	1.07E-02
6.40727261608E-01	4.39904800710737E-01	6.29247441428166E-01	1.10E-02
5.56239346444E-01	5.28621637742877E-01	6.41215216270719E-01	1.12E-02
4.92772040911E-01	2.08112132421241E-01	8.44905353300091E-01	1.21E-02
6.44694356521E-01	5.24332099464027E-01	5.56277840778385E-01	1.13E-02
2.25864241443E-01	4.48168950508777E-01	8.64945048102664E-01	1.08E-02
-1.40868729418E-01	-1.67652927000786E-01	9.75729725456973E-01	1.07E-02
-8.73518763072E-02	9.00043613807057E-01	4.26955668601251E-01	8.43E-03
1.70917544061E-01	9.22619293196596E-01	3.45775697459536E-01	1.14E-02
5.20301803713E-01	7.53450670082999E-01	4.01992687500689E-01	1.16E-02
1.48964705960E-01	-6.30775367341677E-01	7.61532633793964E-01	1.13E-02
4.54670966432E-02	-3.79689202350872E-01	9.23996132427507E-01	1.14E-02
-3.25846091746E-01	7.04165111158598E-01	6.30853248165231E-01	9.42E-03
2.35364228247E-01	-1.63166391778368E-01	9.58112941492607E-01	1.10E-02
-4.22230573507E-01	7.45116926682777E-01	5.16257792548356E-01	1.20E-02
-4.23371965204E-01	1.99829758353673E-01	8.83642601256451E-01	1.06E-02
-6.84167307133E-01	3.58941718277833E-01	6.34882618071813E-01	1.08E-02
6.82943951052E-01	1.50800485387879E-01	7.14735456885227E-01	1.09E-02
4.70258251197E-01	3.06801968094288E-01	8.27483975406733E-01	9.18E-03
-7.69659759608E-01	-1.04604502375060E-01	6.29826763898320E-01	1.10E-02
-4.85896238757E-01	-7.04458624149144E-01	5.17342142129605E-01	1.05E-02
-5.00457470355E-01	-5.58898108000598E-01	6.61192275544064E-01	1.13E-02
-1.34885067881E-01	-4.53072233214323E-01	8.81210287021702E-01	1.27E-02
-4.25332876182E-01	-5.23568588019018E-01	7.38219396980931E-01	1.17E-02
2.98941767737E-01	2.52114227162025E-01	9.20365273119579E-01	8.83E-03
-2.31091699726E-01	-8.21156013805495E-01	5.21823176285810E-01	1.07E-02
-1.06596849138E-01	-8.38882706221691E-01	5.33772345626923E-01	1.20E-02
-4.91149686197E-02	-6.19524664130112E-01	7.83439155513662E-01	1.07E-02
1.35154205912E-01	-7.78851045567179E-01	6.12473990830005E-01	1.16E-02
1.47866766574E-01	-5.35060925776717E-01	8.31772339675860E-01	1.04E-02
2.19648930463E-01	-4.39003144583081E-02	9.74590739611629E-01	1.11E-02
3.23009884437E-01	-9.38781786432055E-02	9.41727934241541E-01	1.15E-02
4.98135537527E-01	-2.90032002897478E-01	8.17155079252281E-01	1.15E-02
5.80180391631E-01	-1.10088222717956E-01	8.07013814246923E-01	1.05E-02
-5.97900058607E-01	2.39680911004811E-01	7.64897758407807E-01	1.02E-02
7.72389451793E-01	-5.34759211876578E-01	3.42705588037903E-01	1.08E-02
4.94827383063E-01	-1.74332161370526E-01	8.51324942946551E-01	1.11E-02
6.51619565489E-01	-1.49889540754990E-01	7.43589313696458E-01	1.09E-02
9.37692593093E-01	-2.05217942100617E-02	3.46859419392638E-01	1.10E-02
-4.68242684300E-01	-9.54668791526188E-02	8.78427494779251E-01	1.13E-02
7.96776017103E-01	5.97416054906449E-01	9.07856591611134E-02	1.02E-02
5.99234155993E-01	1.73440069381713E-01	7.81560598177699E-01	1.03E-02
-2.22780996415E-01	-4.98027096206627E-01	8.38055868710593E-01	9.64E-03
6.95733493139E-02	5.31120970583040E-01	8.44434759867314E-01	8.52E-03
2.18050713830E-01	8.67819266844733E-01	4.46479121898680E-01	1.14E-02
-1.52124035638E-01	6.95398763205347E-01	7.02338122212935E-01	1.07E-02
-3.01492321523E-02	-4.47728811394763E-01	8.93660973326943E-01	8.61E-03
-4.99517001315E-01	6.81948309539832E-01	5.34255808122978E-01	8.93E-03
-4.44580050518E-02	9.39060070712838E-01	3.40866057828600E-01	1.10E-02
4.13267236981E-01	-2.53781470888348E-01	8.74531392159156E-01	1.08E-02
3.46054368443E-01	-5.12552587930985E-01	7.85834727335746E-01	1.19E-02
-2.54967188429E-01	6.63055854578556E-01	7.03810106871097E-01	1.10E-02
-4.57780055264E-01	5.79382344167784E-01	6.74354150479724E-01	1.09E-02
-4.65476499618E-01	8.34168839109609E-01	2.95793806835176E-01	1.07E-02
-6.73614356934E-01	6.04111650779476E-01	4.25784935765507E-01	9.95E-03
-7.34151236692E-01	1.69230955082858E-01	6.57558244952692E-01	9.52E-03
5.35812956524E-01	1.06161658647473E-01	8.37636065277994E-01	1.13E-02
-6.80690423817E-01	6.52365614448055E-02	7.29660700582323E-01	1.24E-02
6.06208254795E-01	3.58621472997334E-01	7.09860684165289E-01	1.07E-02
-1.84427840585E-01	-5.93916669115094E-02	9.81049948533997E-01	1.19E-02
-8.90363357848E-01	-2.15736779230396E-01	4.00887431940954E-01	1.08E-02
-8.23004844412E-01	-4.81490443986927E-01	3.01380122808277E-01	9.86E-03
-7.80044191869E-01	-4.07163920858673E-01	4.75130087747257E-01	1.05E-02
-6.05411923170E-02	-8.99047200722504E-02	9.94108598364163E-01	1.09E-02
5.46331540150E-02	-5.90458481738924E-01	8.05216740899581E-01	1.08E-02
-1.78257182916E-01	-7.83120875575436E-01	5.95773506440932E-01	1.03E-02
3.61020383837E-01	-7.26305123486680E-01	5.84931748199085E-01	1.11E-02
1.53167692557E-01	3.62697799260872E-01	9.19233356862158E-01	1.08E-02
-4.27413476977E-02	-9.58817908203883E-01	2.80787101029427E-01	1.10E-02
3.39371339548E-01	-6.64660494086483E-01	6.65622656986850E-01	1.15E-02
3.96130332299E-01	-8.31013417687434E-01	3.90509230948583E-01	1.14E-02
1.47150339347E-01	-1.15997090633140E-01	9.82288884491124E-01	8.08E-03
2.32418678233E-01	-2.72811791990032E-01	9.33571252856284E-01	1.05E-02
7.12950392481E-01	-6.97926699785710E-01	6.78237391165600E-02	1.12E-02
-1.63654930306E-01	3.65039380364581E-01	9.16495125229655E-01	1.10E-02
7.52076382071E-01	-2.48082972224106E-01	6.10602943346265E-01	1.09E-02
9.57623962340E-01	1.70184068614395E-01	2.32365508504161E-01	1.00E-02
9.51811844897E-01	2.59377057987084E-01	1.63639095891476E-01	1.20E-02
9.81627129752E-01	-1.49032014222067E-01	-1.19153837003356E-01	1.02E-02
2.69960124753E-01	3.56828360701628E-01	8.94312614269863E-01	1.17E-02
-3.24006514664E-01	-2.29335329338502E-01	9.17837177920198E-01	1.08E-02
5.15711743972E-02	9.98279770995311E-01	-2.78910880541015E-02	1.23E-02
4.23856522704E-01	8.05977903487736E-01	4.13213343505205E-01	1.04E-02
5.06221475121E-02	9.85795697803201E-01	1.60138191490845E-01	1.15E-02
1.66123333925E-01	8.31669193932197E-01	5.29839022524735E-01	1.08E-02
1.10095480141E-01	6.10696156673840E-01	7.84174208627298E-01	1.12E-02
5.63277777334E-04	5.93047359083341E-01	8.05167381730295E-01	1.08E-02
-1.20182471116E-01	9.48129320684220E-01	-2.94290612992296E-01	1.14E-02
-2.24354238908E-01	7.45341885664596E-01	6.27798254981661E-01	1.15E-02
-1.46878103690E-02	4.81241690835034E-01	8.76464889900788E-01	1.33E-02
-2.04521621083E-01	9.43248940141265E-01	2.61633987532029E-01	9.63E-03
-1.67143846760E-01	9.83891654814171E-01	6.34046218932090E-02	1.06E-02
-5.27465332520E-01	7.25981556854162E-01	4.41283471362122E-01	1.08E-02
-1.25740860366E-01	4.64873138500555E-01	8.76402990144947E-01	1.05E-02
-7.33712417819E-01	-1.15723687269402E-02	6.79361588714093E-01	1.07E-02
-5.56640260888E-01	7.95288605657945E-01	2.40140903781140E-01	1.13E-02
-8.60913871680E-01	3.81617372688343E-01	3.36445369132574E-01	1.26E-02
-9.72212024684E-01	1.68902289975753E-01	1.62098104555134E-01	1.02E-02
-8.41007100648E-01	-3.98404178476610E-01	3.66034379849743E-01	1.10E-02
-3.90520148434E-01	-1.70477055156041E-02	9.20436521115597E-01	1.10E-02
-7.11260908410E-01	-2.03117863776472E-01	6.72942087836937E-01	1.12E-02
2.50770495047E-01	1.62420757802029E-01	9.54323664303029E-01	1.21E-02
6.34002729279E-01	7.32978822908542E-02	7.69849309747541E-01	1.10E-02
-4.12725745993E-01	-4.30556192906765E-01	8.02669809662863E-01	9.69E-03
-2.16522670704E-01	-2.43311187850151E-01	9.45472156617176E-01	1.14E-02
-6.45371486109E-01	-2.84639875265320E-01	7.08855264723800E-01	1.11E-02
1.31264299681E-01	-2.14617885777968E-01	9.67837200531928E-01	1.22E-02
-2.79470752617E-01	-3.22177050490671E-01	9.04487726046565E-01	1.04E-02
3.58572005499E-02	-7.51353194933441E-01	6.58925365752473E-01	1.11E-02
-3.12573798093E-02	-1.89331169909926E-01	9.81415653180647E-01	1.02E-02
-9.74632367651E-02	5.56899889762658E-01	8.24841457652076E-01	1.08E-02
-2.40781906998E-01	-5.80774583185020E-01	7.77640634733480E-01	1.09E-02
5.33059566878E-01	-6.34723727751404E-01	5.59440155502592E-01	1.11E-02
6.53904132824E-01	-7.00724206652534E-01	2.85298039402548E-01	1.09E-02
5.54023059943E-01	-6.93407598913257E-01	4.60699848947583E-01	1.07E-02
6.21732003607E-01	-6.05822176185307E-01	4.96415961198988E-01	1.16E-02
8.91463746749E-01	4.27109361958263E-01	1.51228241940643E-01	1.01E-02
5.74521711239E-01	-4.77100494356703E-01	6.65056329644453E-01	1.08E-02
6.57874802758E-01	-2.69490268385863E-01	7.03260790277527E-01	1.26E-02
9.09512101468E-01	2.94176802866504E-01	-2.93679665516882E-01	1.00E-02
7.53968146634E-01	1.24832437849968E-01	6.44941002202744E-01	1.13E-02
7.19859158875E-01	6.67560436294277E-01	1.90173224400897E-01	1.22E-02
7.08713042923E-01	4.37619995393187E-01	5.53366571472465E-01	1.16E-02
-1.04963105255E-01	9.69925023716434E-03	9.94428816497258E-01	1.01E-02
7.56056986527E-01	5.34502269275183E-01	3.77736888935892E-01	1.13E-02
9.24271896117E-01	2.64745682368229E-01	2.75011246527061E-01	1.12E-02
9.74565710622E-01	-1.34096405293221E-01	1.79554531460478E-01	1.22E-02
1.03760107289E-01	7.95130755986568E-01	5.97495540585614E-01	9.92E-03
2.69721979629E-01	8.03899433430104E-01	5.30090326864795E-01	1.03E-02
4.05025915012E-01	5.70343775533761E-01	7.14606175371148E-01	9.41E-03
-7.72681066133E-02	6.44135613257783E-01	7.60998654028650E-01	1.10E-02
3.83966586648E-01	4.91124955190042E-01	7.81898931273953E-01	1.16E-02
-3.54301903513E-01	9.32641366328772E-01	-6.81926900756675E-02	1.08E-02
-9.38938524722E-03	2.91313137780524E-01	9.56581671997297E-01	1.21E-02
6.64846075006E-02	9.37239673468698E-01	3.42288754477537E-01	1.07E-02
-3.71009114303E-01	8.58220638018763E-01	3.54696452734466E-01	1.16E-02
1.31677002054E-01	-3.17576855533574E-01	9.39045317308737E-01	1.04E-02
-5.41443188360E-01	5.09706261227973E-01	6.68609602865470E-01	1.06E-02
4.32901153425E-02	1.77871181668475E-01	9.83101118220041E-01	1.18E-02
-1.98965133865E-01	4.95248663395392E-02	9.78754393665912E-01	1.11E-02
2.92740263919E-01	2.12084308155684E-02	9.55956766984322E-01	9.58E-03
-5.13229298865E-01	1.12061788201745E-01	8.50904132327409E-01	1.14E-02
1.08846926349E-01	-2.26585907867570E-02	9.93800248987636E-01	1.18E-02
-9.07151185202E-01	2.66527983144833E-01	3.25637162171823E-01	1.08E-02
-5.83003081989E-01	2.66319235057576E-02	8.12033341090095E-01	1.05E-02
-8.56465165551E-01	1.66125384875178E-01	4.88743057953711E-01	1.05E-02
-6.65015634442E-01	1.66846589894344E-01	7.27953584639010E-01	9.81E-03
-7.76315805977E-01	-4.83980154180008E-01	4.03852670846451E-01	1.11E-02
3.85573213030E-01	2.01062839216760E-01	9.00503765721979E-01	1.11E-02
-8.62147612686E-01	-4.75164183283076E-01	1.75842238566693E-01	1.29E-02
-6.05955530798E-01	-6.62048124434591E-01	4.41033077703326E-01	1.26E-02
-2.49661743971E-01	-1.43498823993627E-01	9.57641426166240E-01	1.06E-02
7.80754692122E-03	-8.18457584387486E-01	5.74513903025568E-01	1.26E-02
1.53024533911E-01	-7.10035889752355E-01	6.87337273312573E-01	1.04E-02
2.59242527465E-02	-8.74182564246334E-01	4.84904915923976E-01	9.79E-03
-4.24586328137E-02	-5.33996726408606E-01	8.44419777530395E-01	1.11E-02
-7.53342487508E-02	-7.76633931866361E-01	6.25431440558388E-01	9.89E-03
3.16866438217E-01	-8.82490463395599E-01	3.47571923991879E-01	1.03E-02
2.22336249973E-01	-8.94258968366996E-01	3.88416644137912E-01	9.55E-03
3.04230179142E-01	-9.38733573859918E-01	-1.61936022574631E-01	1.06E-02
1.35490724497E-01	-9.28771171735688E-01	3.45001991484212E-01	9.87E-03
5.74199180791E-01	-8.02890438447706E-01	1.60194396368144E-01	1.09E-02
3.36950471906E-01	-4.22752604180842E-01	8.41275588104673E-01	1.07E-02
7.07041159999E-01	-6.84214087932638E-01	-1.78728509034566E-01	1.15E-02
6.20793624213E-01	-3.78323665518504E-01	6.86648731336204E-01	1.08E-02
9.51408400656E-01	-1.17154041602065E-01	2.84775324946390E-01	1.16E-02
7.87932562238E-01	-5.70230088819937E-01	2.32378835460818E-01	1.10E-02
7.17864882498E-01	3.16303631577700E-02	6.95463536500980E-01	1.15E-02
8.37857338435E-01	-4.83129508536463E-01	2.54127838717744E-01	1.10E-02
8.61387532417E-01	4.44706878830930E-01	2.45453276445291E-01	1.20E-02
7.72410682419E-01	3.67436775591642E-01	5.18046285216950E-01	9.88E-03
6.91042232031E-01	3.36740754857075E-01	6.39582909065398E-01	1.25E-02
7.81454286891E-01	-1.38067161038267E-01	6.08495403879512E-01	1.13E-02
8.97742622902E-01	4.36573354524759E-01	-5.88378206949361E-02	1.08E-02
3.76601093493E-01	8.61972804632531E-01	3.39373688511133E-01	1.13E-02
2.54774562228E-01	6.88316460864444E-01	6.79198330493021E-01	1.04E-02
5.57927935873E-01	6.00923228827251E-01	5.72370239817130E-01	9.59E-03
1.14096981566E-01	9.62080410890443E-01	2.47756254771580E-01	1.04E-02
3.78889642440E-01	6.55703609542365E-01	6.53066164553801E-01	1.08E-02
4.77906755064E-01	6.05096945176586E-01	6.36759625291848E-01	1.15E-02
5.46530331804E-01	8.37215618989027E-01	1.93546826053854E-02	1.11E-02
1.74040789548E-01	5.33169810963570E-01	8.27912891704597E-01	1.11E-02
1.13555512461E-01	8.91461257984675E-01	4.38636490846392E-01	1.05E-02
1.10918555143E-02	8.99170319275570E-01	4.37458235349523E-01	1.11E-02
-2.60257672908E-01	9.65490823532936E-01	-9.66505904756542E-03	1.14E-02
-3.60342358744E-01	6.29998980138706E-01	6.87935076528868E-01	1.08E-02
-4.33602036578E-01	3.05473028576077E-01	8.47747310634695E-01	1.10E-02
-6.12882375013E-01	7.88793596367478E-01	-4.66889358144113E-02	1.07E-02
-7.28920319117E-01	5.16631145545548E-01	4.49185293426847E-01	9.80E-03
-8.72816403819E-01	4.32192564705084E-01	2.26718133898681E-01	1.03E-02
-6.10343948287E-01	5.21483918568879E-01	5.96267379171308E-01	8.99E-03
-5.12787756342E-01	2.17980683433339E-01	8.30381321198384E-01	1.11E-02
-7.70210729423E-01	7.52134302614316E-02	6.33339065737974E-01	1.17E-02
-9.69185604598E-01	-1.84454634501463E-01	-1.63265892489022E-01	1.08E-02
-9.49013764273E-01	1.67139719075420E-01	2.67277364414420E-01	1.19E-02
-6.68842232282E-01	-6.51975003781470E-01	3.57181554338506E-01	1.09E-02
-5.62494672594E-01	-7.40238193364868E-02	8.23480550756416E-01	1.06E-02
-9.09699441437E-01	-3.80900813125718E-01	1.65413109545678E-01	8.58E-03
-5.71359015937E-01	-4.71256840126595E-01	6.71912096587741E-01	1.13E-02
-8.79459958632E-01	-3.99514600066794E-01	2.58724304030661E-01	1.13E-02
-5.96464665894E-01	-7.70564356701192E-01	2.24634090292505E-01	1.07E-02
-5.05430055172E-01	-8.23477017207014E-01	2.57732538614741E-01	1.05E-02
-4.33551230664E-01	-7.74067522084391E-01	4.61359731276418E-01	1.00E-02
1.40728166279E-01	-9.60639821264400E-01	2.39513500698501E-01	1.09E-02
-5.14890710804E-02	-9.98296539061017E-01	-2.74389441864639E-02	1.12E-02
-3.29766323707E-01	-5.99206217305636E-01	7.29524558113615E-01	1.05E-02
5.15120031731E-02	-6.75842304223774E-01	7.35243968591781E-01	1.11E-02
-2.48380265368E-01	-9.37846609909287E-01	2.42386014566152E-01	1.04E-02
6.35531719364E-01	-6.61645402433441E-01	3.97900483941588E-01	1.03E-02
1.30864994717E-01	-9.82044914101954E-01	1.35875457108083E-01	1.14E-02
7.70039635752E-01	-6.24029323514059E-01	1.32764312844791E-01	1.29E-02
8.03415297396E-01	-3.82861578239468E-01	-4.56005341874417E-01	1.07E-02
4.95563836132E-01	-8.39266387376645E-01	2.23715031542633E-01	1.15E-02
4.85661359196E-01	-4.94617575033115E-01	7.20754118026660E-01	9.39E-03
9.78921604591E-01	7.19277050190329E-02	1.91151503566763E-01	1.14E-02
9.37287040687E-01	1.91319485397567E-01	-2.91358641311718E-01	1.12E-02
8.72704870487E-01	1.87627496812881E-01	4.50757286650073E-01	1.12E-02
8.94746109818E-01	-2.20700110208602E-02	4.46029498552599E-01	1.23E-02
9.12981996486E-01	8.79767737909092E-02	3.98401758737313E-01	1.03E-02
7.20236392292E-01	2.29560724096354E-01	6.54646021274539E-01	9.47E-03
6.50012752145E-01	-3.36554929645901E-02	7.59177666848670E-01	1.12E-02
2.01257277888E-01	2.69125121934496E-01	9.41842437375279E-01	1.14E-02
8.29939739801E-01	4.98472341952934E-01	-2.50450299674488E-01	1.24E-02
8.31838268778E-01	-1.03593829780765E-01	-5.45264534907841E-01	1.10E-02
9.37757182901E-01	3.47158498232835E-01	-9.61472947914739E-03	1.15E-02
5.43750103186E-01	7.88824588952250E-01	-2.86516305206645E-01	1.29E-02
2.79212815619E-01	5.31440634185900E-01	7.99756873012224E-01	1.15E-02
-7.13852723721E-01	5.94456193325258E-01	-3.70183904367694E-01	1.16E-02
3.61898579304E-02	6.75373362545709E-01	7.36587479765084E-01	1.02E-02
-1.74211602670E-01	9.71097646163056E-01	1.63155383336347E-01	1.09E-02
4.40860013852E-01	6.91110209248387E-01	5.72720810569257E-01	1.23E-02
-8.77311734943E-03	7.99022303107128E-01	6.01237383692459E-01	1.09E-02
-4.26067526226E-01	6.72227705795438E-01	6.05455510055599E-01	1.18E-02
-5.35535442972E-01	6.02031465400736E-01	5.92249866178443E-01	1.27E-02
-3.88765131853E-01	8.87923595963541E-01	2.45872649936540E-01	1.03E-02
-3.16597781838E-01	7.67883202961212E-01	5.56885294423720E-01	1.17E-02
-3.49962354065E-01	3.81625926660311E-01	8.55504531161647E-01	1.11E-02
-6.33926958774E-01	7.53509443553384E-01	1.74241583486772E-01	1.09E-02
-8.62175418250E-01	5.06524509212053E-01	-9.29891031407550E-03	1.12E-02
-4.62230185669E-01	4.88108057636631E-01	7.40333559637996E-01	1.02E-02
-3.32016304263E-01	4.78544480937578E-01	8.12871670971127E-01	1.20E-02
-5.25823785912E-01	3.16456940333922E-01	7.89534262133785E-01	1.11E-02
-7.85977931628E-01	-3.14887758840195E-01	5.32056754797531E-01	1.12E-02
-8.26379266082E-01	3.54232905914596E-01	4.37740056376440E-01	1.10E-02
-8.98921868470E-01	-4.37124013257375E-01	-2.93610527896546E-02	1.04E-02
-6.57571187096E-01	-4.71545668004702E-01	5.87575371239304E-01	1.05E-02
-9.29961160357E-01	-2.92858796004895E-01	2.22274528074723E-01	1.23E-02
-5.77612863552E-01	-3.69873255385217E-01	7.27706778042825E-01	1.09E-02
-5.82251290365E-01	-5.47059019630820E-01	6.01423198678987E-01	1.01E-02
-6.82995288849E-01	-7.08074155750973E-01	1.79299819765765E-01	1.08E-02
-2.83484262479E-01	-9.49358938329780E-01	1.35477965514166E-01	1.10E-02
-8.89837205051E-01	-3.11379891816535E-01	3.33515084335663E-01	1.02E-02
-7.99491335483E-01	-5.99651023237201E-01	3.51034872560022E-02	1.27E-02
-6.71143199491E-02	-8.90524308775858E-01	4.49957913073040E-01	1.01E-02
1.30178395877E-01	-1.93229995403515E-01	-9.72479179274898E-01	1.14E-02
-3.34801124627E-01	-8.01546784356908E-01	4.95409890328692E-01	1.15E-02
-2.73382224208E-01	-8.60840235904973E-01	4.29204202838430E-01	1.02E-02
-2.19703329905E-01	-9.12383540853857E-01	3.45379097815046E-01	1.15E-02
-1.41551786291E-01	-5.64367641145422E-01	8.13297151984266E-01	1.10E-02
4.87106208453E-01	-8.66511730587976E-01	1.09018174813491E-01	1.07E-02
5.65153221394E-01	-8.23592178151927E-01	4.79349604636539E-02	1.08E-02
6.44017435486E-01	-7.64937525154037E-01	-1.05889282670546E-02	1.10E-02
4.82762959188E-01	-8.75721125785402E-01	-7.24120769573253E-03	1.13E-02
4.73879267264E-01	-7.67696367207528E-01	4.31370754495650E-01	1.05E-02
8.45711455011E-01	-2.78761377390746E-01	4.55043107121563E-01	1.08E-02
5.05869359008E-01	-5.69440332835547E-01	6.47945907431050E-01	1.16E-02
5.78297409358E-01	-2.15259530842773E-01	7.86915142001218E-01	1.06E-02
6.57025858159E-01	-4.47623612600693E-01	6.06588924357174E-01	1.15E-02
8.10420332788E-01	7.79226913051914E-02	5.80643555361517E-01	9.54E-03
8.97260161457E-01	-4.05086771729958E-01	1.75581633525098E-01	1.27E-02
8.06031102438E-01	3.64853326571805E-01	-4.66042822059123E-01	1.19E-02
8.23532606589E-01	2.74916448627410E-01	4.96200556386487E-01	1.07E-02
9.79292859842E-01	1.62444470802065E-01	1.20819239229706E-01	1.06E-02
6.85340541464E-01	6.18594340378166E-01	3.84251719941800E-01	1.16E-02
8.75333840726E-01	-1.78861352277755E-01	4.49220751904633E-01	1.01E-02
6.11640951206E-01	7.89085060073012E-01	-5.69220060936890E-02	1.11E-02
3.21625469574E-01	8.41551032385938E-01	4.33991840028689E-01	1.11E-02
7.41118396191E-01	6.60071531107961E-01	-1.22674759621647E-01	1.13E-02
6.95824677843E-01	7.17217863323726E-01	-3.77697528952116E-02	1.09E-02
2.02104592620E-01	7.57374640088212E-01	6.20916571040788E-01	1.23E-02
-1.62851245989E-01	9.20137629732361E-01	3.56126682559018E-01	1.30E-02
2.89563953525E-01	9.44455984629677E-01	1.55420751239954E-01	1.07E-02
-4.43322774660E-01	8.86679650184386E-01	-1.31392980849575E-01	1.04E-02
6.32094358368E-01	7.01657302533230E-01	-3.28836968604821E-01	1.09E-02
-5.01730572295E-02	7.26365329026791E-01	6.85475071112032E-01	1.12E-02
3.68688317627E-01	7.72382252289894E-01	5.17198782667831E-01	1.16E-02
-6.97635893596E-01	7.08629359598591E-01	1.05586886879276E-01	9.86E-03
-6.09271744812E-01	7.75906917480104E-01	-1.63573825473421E-01	1.08E-02
-6.16677347184E-01	4.35230133770499E-01	6.55960197060789E-01	1.13E-02
-6.52702311478E-01	5.55053669958747E-01	5.15650187682542E-01	1.16E-02
-7.58575054718E-01	3.56088104158699E-01	5.45678612771221E-01	1.05E-02
-2.67532463309E-01	9.57851746376876E-01	1.04625107113426E-01	1.12E-02
-6.13692375598E-01	6.87770788049774E-01	3.87753802351686E-01	1.13E-02
-9.70584320944E-01	6.65663809754257E-02	2.31376301424287E-01	1.02E-02
-9.57994199610E-01	-3.14826650816455E-02	2.85054302393179E-01	1.22E-02
-5.97675218760E-01	1.29686149241803E-01	7.91180027284844E-01	1.06E-02
-8.87506337005E-01	4.50050226924700E-01	9.89307587189827E-02	1.29E-02
-9.31915784216E-01	-1.24893735773363E-01	3.40491594453481E-01	1.07E-02
-9.93531272382E-01	3.64931576688564E-02	-1.07535390652850E-01	1.10E-02
-7.97394873708E-01	1.68811626587449E-01	5.79365213067827E-01	1.14E-02
-8.68131849442E-01	2.60252828605913E-01	4.22629337821688E-01	1.13E-02
-7.96500113018E-01	-5.59018651375693E-01	2.30403379698573E-01	1.16E-02
-8.86943520360E-01	-1.19575524357616E-01	4.46131018498849E-01	1.14E-02
-9.37379295041E-01	-2.86222323229869E-01	-1.98486369590620E-01	1.12E-02
-8.22190563958E-01	-5.54865132308752E-01	1.26993548992876E-01	7.68E-03
-2.48393317290E-01	-9.66163791062328E-01	-6.94858889701007E-02	1.17E-02
-4.66920739566E-01	-6.51873605522197E-01	5.97533116560921E-01	1.14E-02
-6.49064200527E-01	-7.07483918775159E-01	2.79610744193013E-01	9.15E-03
-6.20633624700E-01	-7.76902440720466E-01	1.06002365513576E-01	1.19E-02
-2.45055976853E-01	-6.69373057038205E-01	7.01346760682656E-01	1.15E-02
-2.77204931187E-01	-7.46496571490145E-01	6.04896929136715E-01	1.17E-02
3.17274830832E-02	-9.80889574335565E-01	1.91960958991666E-01	1.07E-02
-1.41666144335E-01	-9.55003891805347E-01	2.60572965186144E-01	1.10E-02
6.40419556178E-01	-7.59502921681477E-01	-1.14096906279053E-01	1.03E-02
3.15502474636E-01	-9.41765009715958E-01	1.16347990844046E-01	1.11E-02
9.36637201224E-01	-1.85483625223322E-01	-2.97164227419764E-01	8.37E-03
9.54744241564E-01	-2.97395587338615E-01	-4.39292986396700E-03	1.10E-02
5.77067583580E-01	-7.73979299283849E-01	2.60670382401937E-01	1.02E-02
9.19633153950E-01	-3.92634898062458E-01	1.06159775429869E-02	9.02E-03
7.25621311370E-01	-6.10521381137408E-01	-3.17391486433021E-01	9.75E-03
-1.42612293103E-02	-3.50742403628031E-01	-9.36363382259147E-01	1.11E-02
9.45392768457E-01	-2.13408198191383E-01	2.46352297116983E-01	9.17E-03
8.42042097316E-01	-5.17136907019679E-01	1.53409666403768E-01	1.03E-02
8.47389912814E-01	-9.91921251293773E-02	5.21623674666597E-01	1.21E-02
8.66185618869E-01	9.51366503930164E-02	4.90582807910092E-01	1.12E-02
9.09121311441E-01	-2.16750180639452E-01	3.55693407692700E-01	1.24E-02
8.93530578599E-01	4.46226831140065E-01	4.98469686087150E-02	1.06E-02
9.95621722792E-01	-8.39513438496786E-02	-4.11042208410076E-02	1.17E-02
7.94848759493E-01	5.75668653631774E-01	1.91888120419560E-01	1.19E-02
9.11166438814E-01	3.50502727035484E-01	2.16618464401826E-01	9.67E-03
9.97888290835E-01	4.37761268231687E-02	-4.79855158864772E-02	1.22E-02
1.05858125208E-01	9.44078924087544E-01	-3.12264379046166E-01	9.88E-03
5.28934852096E-01	8.20415412557208E-01	2.17132386062223E-01	1.19E-02
3.16289772980E-01	7.32243435359852E-01	6.03142048675483E-01	1.15E-02
7.26626461152E-01	6.82928580413920E-01	7.49835982576159E-02	1.11E-02
6.04515284877E-01	6.86627398492362E-01	4.03861468809997E-01	1.01E-02
4.61994289723E-01	7.41874940141522E-01	4.85986470442373E-01	8.67E-03
6.39884496951E-01	7.67341544167581E-01	4.16507521638922E-02	1.08E-02
5.14793930236E-02	8.51383549273026E-01	5.22011421447069E-01	1.06E-02
2.23471633535E-01	9.66290995399753E-01	-1.27836384549658E-01	1.16E-02
4.54673539152E-01	8.90511350593937E-01	1.61711860470036E-02	1.23E-02
-5.86978066255E-01	6.41999435871804E-01	4.93247882991465E-01	1.15E-02
-8.00862430543E-01	4.56276120409899E-01	3.87854959086625E-01	1.04E-02
-4.49909203600E-01	7.94752350565737E-01	4.07370114007246E-01	1.15E-02
-6.90059637893E-01	7.23751430347497E-01	-1.25028829085130E-03	1.08E-02
-2.86523468309E-01	9.06393710620703E-01	3.10410604611670E-01	1.02E-02
-6.49805616589E-02	9.88263542761890E-01	1.38248676862414E-01	1.26E-02
-8.06872957678E-01	5.90527947562181E-01	-1.52569104224297E-02	9.95E-03
-7.16789148867E-01	-4.94330680472794E-01	4.91782974907784E-01	1.15E-02
-9.97027647352E-01	7.65057709770403E-02	-9.09601141248166E-03	1.20E-02
-8.12637539020E-01	-1.52195252197383E-02	5.82570679169017E-01	1.10E-02
-9.79903372605E-01	1.97138425785725E-01	-3.04273139884291E-02	1.13E-02
-6.32572412457E-01	-1.65658864058825E-01	7.56577348165459E-01	1.23E-02
-9.82841944269E-01	-1.17097113202929E-01	1.42513082435731E-01	1.02E-02
-9.13235814355E-01	-4.01669820056567E-01	6.82766653735913E-02	1.03E-02
-6.92613007946E-01	-5.82356503265709E-01	4.25614995421499E-01	1.02E-02
-9.60245641720E-01	-1.48794128522437E-01	2.36196136452218E-01	1.12E-02
-9.60051909056E-01	-2.64709437465342E-01	-9.07151896606406E-02	1.05E-02
-5.02374633875E-01	-8.62002331139070E-01	6.76144093335995E-02	1.17E-02
6.44914291016E-03	-9.96467205648015E-01	8.37347993594118E-02	1.33E-02
-4.12985935159E-01	-9.10720173217272E-01	-5.60209386681678E-03	1.15E-02
-7.60142833601E-01	-6.33806592053534E-01	1.43080663942946E-01	1.24E-02
-7.24429546479E-01	-6.38651078521608E-01	2.59473759928964E-01	1.03E-02
-1.07445388267E-01	-9.27537632237302E-01	3.57951713676324E-01	1.01E-02
-7.12623204575E-02	-9.83641495943346E-01	1.65442102082128E-01	1.04E-02
1.01636426817E-01	-8.37765706901734E-01	5.36487331708138E-01	8.12E-03
2.85945082374E-01	-8.43510634013028E-01	4.54670452276351E-01	1.22E-02
1.66109170468E-02	-9.20726336087608E-01	3.89855218599871E-01	1.25E-02
5.31916842402E-02	-9.53954748916675E-01	2.95196513778550E-01	9.65E-03
5.53628437282E-01	-7.01064427984850E-01	-4.49448797136126E-01	1.27E-02
7.00716313953E-01	-5.75721246498010E-01	4.21356967060836E-01	1.06E-02
5.70690482760E-01	-7.37579635212433E-01	3.60955197506829E-01	1.18E-02
2.63044586149E-01	-9.62695856835927E-01	-6.34368420439933E-02	1.08E-02
3.24688786263E-01	-9.18936805530607E-01	2.23902522352926E-01	1.10E-02
9.24864035400E-01	-3.69153496257332E-01	-9.13904383644735E-02	1.06E-02
8.20812148822E-01	-4.41953749339594E-01	3.61862266327136E-01	1.08E-02
8.94901464641E-01	-5.55765716103055E-02	-4.42789581259636E-01	1.03E-02
5.99286898999E-01	-5.47457416440566E-01	5.84076698620831E-01	1.04E-02
8.80711711951E-01	-3.89284622364260E-01	-2.69822836734346E-01	9.82E-03
9.99187541385E-01	-2.02828643801938E-02	3.48261762632772E-02	9.08E-03
8.21471200195E-01	-2.06373250318272E-01	5.31596791566487E-01	9.93E-03
8.34357836957E-01	-5.33073887020632E-01	-1.40282682057885E-01	1.03E-02
9.69741023323E-01	8.07753689808008E-03	-2.44002256304276E-01	1.07E-02
7.38997849051E-01	2.41094652067080E-01	-6.29091048929068E-01	9.44E-03
9.83363200084E-01	1.47536356419489E-01	-1.05970940611933E-01	1.06E-02
5.45445452686E-01	6.70860870778028E-01	-5.02429049919193E-01	1.14E-02
7.62138245221E-01	2.84963085767174E-01	5.81327218459175E-01	1.10E-02
3.74749379320E-01	3.06193204980743E-01	8.75104921665279E-01	1.23E-02
9.19333546483E-01	3.34916545952089E-01	-2.06535075857034E-01	8.88E-03
1.81284229578E-02	9.91610423521129E-01	-1.27984875064632E-01	1.03E-02
5.57997274257E-01	7.27495185370807E-01	-3.99236517848198E-01	1.03E-02
7.90973062582E-01	5.82995409788562E-01	-1.85682434376252E-01	1.12E-02
6.20887477843E-01	7.50088525263159E-01	2.27740958384546E-01	1.06E-02
3.95944174536E-01	9.06602629647268E-01	1.45944792876030E-01	1.14E-02
1.78939938149E-01	9.54688536273897E-01	-2.37803063988569E-01	1.20E-02
2.57054085337E-01	9.14433246812613E-01	-3.12626029522904E-01	1.14E-02
2.72671332262E-01	8.97481047802970E-01	3.46667150732157E-01	1.03E-02
-2.63508970124E-01	8.28551305450506E-01	4.94030117402475E-01	9.57E-03
-5.39167591678E-01	7.68500367478299E-01	3.44536635599758E-01	1.07E-02
-5.75544954311E-02	9.77161900016621E-01	-2.04553418968190E-01	1.05E-02
-9.15846685258E-01	2.51087118633897E-01	-3.13337051684591E-01	1.10E-02
-9.43786369836E-01	2.58304077964142E-01	2.06267523907335E-01	1.13E-02
-8.97119806271E-01	7.88994551359250E-02	4.34684861912099E-01	1.17E-02
-7.51489648038E-01	5.58414171259733E-01	3.51335910814443E-01	1.17E-02
-9.30244066168E-01	3.62617205005333E-01	5.61670721525666E-02	8.88E-03
-8.33970767782E-01	5.12877887782828E-01	-2.03590350235486E-01	1.15E-02
-9.82718802958E-01	-2.26042266601201E-02	1.83719360027970E-01	1.01E-02
-8.43249241761E-01	7.14020317631133E-02	5.32759294737236E-01	1.03E-02
-9.26238825832E-01	3.06302661111841E-01	-2.19682309977190E-01	1.07E-02
-7.04744319658E-01	-7.04649133258218E-01	8.24926839678103E-02	9.58E-03
-9.22046125571E-01	-2.29796125667110E-02	3.86397308123252E-01	1.07E-02
-9.90905404945E-01	7.18350940806268E-02	1.13781359238044E-01	1.24E-02
-3.21346420122E-01	-8.80699154042842E-01	-3.48002124049732E-01	1.01E-02
-3.95598199974E-01	-8.28008666057823E-01	-3.97371001848735E-01	1.01E-02
-5.02749703122E-01	-8.63829933442111E-01	-3.22580548167675E-02	8.77E-03
-3.74849158071E-01	-8.39046155968841E-01	3.94321768163119E-01	1.11E-02
-5.26943768880E-01	-7.33857994365913E-01	4.28698855309468E-01	1.03E-02
-5.58853377654E-01	-6.29945935018570E-01	5.39306055258791E-01	1.09E-02
-2.23536775044E-01	-9.73305010708650E-01	5.20448492395888E-02	1.06E-02
-3.45699950393E-01	-9.33050927524761E-01	-9.95364804662601E-02	1.06E-02
2.90497470654E-01	-7.88033052546659E-01	5.42784605195941E-01	9.13E-03
1.51699336198E-01	-9.56934022307927E-01	-2.47516844571560E-01	1.11E-02
-1.29133669130E-02	-9.91571291057027E-01	-1.28917104010564E-01	1.09E-02
1.07510811505E-01	-9.93410197896705E-01	3.97190649997581E-02	9.06E-03
1.35366785163E-01	-8.85902318996043E-01	4.43681095689158E-01	1.31E-02
4.90591559004E-01	-8.06093522757450E-01	3.30957935094517E-01	1.05E-02
6.65447576025E-01	-7.25128085731821E-01	1.77112345264136E-01	1.25E-02
6.24970474818E-01	-7.48851822725041E-01	-2.20528576847933E-01	1.09E-02
7.24935585250E-01	-6.52092722830210E-01	2.21908715622938E-01	9.01E-03
8.83919859104E-01	-4.61362531419823E-01	7.63563833781670E-02	1.19E-02
6.72216753216E-01	-6.84968898872933E-01	-2.80966624837316E-01	1.01E-02
9.35560618181E-01	3.35563783801090E-01	-1.10105752396028E-01	1.05E-02
9.90063633951E-01	-2.27519947138501E-02	1.38767242044801E-01	1.13E-02
8.12344299689E-01	-2.06576923621514E-01	-5.45364752610493E-01	1.08E-02
9.54964602122E-01	2.37766646723587E-01	-1.77509521995022E-01	1.34E-02
8.70563799864E-01	-1.64781151920553E-01	-4.63644090157150E-01	1.07E-02
9.14319651364E-01	-1.11979163241081E-01	3.89204627579768E-01	9.22E-03
8.80017407110E-01	-4.73058221362765E-01	-4.22526020995245E-02	1.22E-02
7.66398544782E-01	5.25740326831668E-01	-3.69093997917967E-01	1.12E-02
4.37652517758E-01	8.68846429017142E-01	2.31443635653362E-01	9.83E-03
3.32570209405E-01	9.34059929439685E-01	-1.30111890431572E-01	1.06E-02
8.29570766192E-01	3.66348369840008E-01	4.21427592589199E-01	1.12E-02
6.22495782536E-01	6.12608191870976E-01	4.87042302041225E-01	1.13E-02
4.75851162478E-01	7.95165625892423E-01	-3.75868725178130E-01	1.12E-02
3.88488454048E-01	8.11319998813705E-01	-4.36848464110941E-01	1.11E-02
3.64986810767E-01	8.67920822983300E-01	-3.36894750623835E-01	1.22E-02
7.05876478666E-01	6.65522923715663E-01	-2.42523472833480E-01	1.29E-02
1.17936418471E-01	9.85354805812489E-01	-1.23154000586934E-01	1.03E-02
2.83249792018E-01	8.70195817528402E-01	-4.03148600986988E-01	1.02E-02
3.80648930395E-01	8.95573678854398E-01	-2.30334924691065E-01	1.24E-02
-5.48430312345E-01	8.26008204399740E-01	1.30133157822892E-01	1.04E-02
-1.18811684795E-01	8.73002059036039E-01	-4.73023454466093E-01	1.09E-02
-8.17778036989E-01	4.98219545443896E-01	2.88125609336750E-01	1.12E-02
-7.57029205319E-01	6.51610091644078E-01	4.80735973502356E-02	1.13E-02
-5.75558780178E-02	6.37192483735730E-01	-7.68552574373598E-01	1.14E-02
-2.55247620042E-01	9.59648080237804E-01	-1.18000909143150E-01	1.07E-02
-7.56258355372E-01	6.28136376625461E-01	-1.83079196770001E-01	1.27E-02
-8.16115983878E-01	5.65755049329385E-01	-1.17796116306332E-01	1.06E-02
-7.77061366202E-01	6.10818583612850E-01	1.51908824857737E-01	1.17E-02
-4.49705189494E-01	8.92873081453059E-01	-2.33002780811121E-02	1.14E-02
-9.85599917536E-01	1.58009531799702E-01	6.02145365624557E-02	8.69E-03
-8.22284368073E-01	3.98058341979056E-01	-4.06691497826248E-01	1.11E-02
-8.31203301403E-01	-1.18823948167385E-01	5.43122399721052E-01	1.08E-02
-9.71433655709E-01	9.73032860703388E-02	-2.16445658480776E-01	1.02E-02
-9.66108143216E-01	-2.13927201812549E-01	1.44465248193212E-01	1.10E-02
-9.99036696177E-01	-3.41843421529544E-02	-2.75156399729017E-02	1.17E-02
-5.09110152324E-01	-7.99731271703344E-01	-3.18177223981525E-01	1.28E-02
-5.34989527207E-01	-8.35512032973715E-01	-1.25322976881559E-01	1.14E-02
-8.73966476343E-01	-4.65949061477106E-01	-1.38108907520750E-01	1.13E-02
-7.13244761019E-01	-5.87467623004651E-01	-3.82313618381271E-01	1.11E-02
-3.57271682525E-01	-9.11327693923116E-01	2.04545298539425E-01	1.14E-02
-1.21811895444E-01	-8.27510167192619E-01	-5.48077353410318E-01	9.24E-03
-2.95733115993E-01	-8.42726881311528E-01	-4.49837001168117E-01	1.15E-02
-4.75655578056E-01	-8.04269840971295E-01	3.56232780591547E-01	1.13E-02
-7.79722517676E-01	-6.21145470770842E-01	-7.88105295573103E-02	1.04E-02
-5.84388426946E-01	-3.04324046213707E-01	-7.52247991920320E-01	1.12E-02
-5.72925838720E-01	-7.47270618980567E-01	3.36663935305368E-01	1.20E-02
4.88443231351E-02	-9.97816192854552E-01	-4.44643382355255E-02	1.08E-02
-1.42346837372E-01	-9.40574956686176E-01	-3.08311739550966E-01	1.06E-02
3.16711749488E-02	-9.72373935726887E-01	-2.31270114360600E-01	1.14E-02
1.02606683016E-01	-9.83034704391243E-01	-1.52034991244969E-01	1.06E-02
4.10765925998E-01	-8.95144660902848E-01	1.73168675273794E-01	1.06E-02
7.58651361878E-01	-4.79451966998804E-01	4.41105341683256E-01	1.09E-02
2.57947872449E-01	-9.28453574367451E-01	-2.67276739248946E-01	1.22E-02
7.07732429843E-01	-5.71090294550718E-01	-4.15897443149990E-01	1.10E-02
9.37135699673E-01	-3.36323340582701E-01	9.30768014979762E-02	1.00E-02
8.28883001411E-01	-5.56467698147666E-01	5.74166429750621E-02	1.02E-02
8.77208107502E-01	3.52988830742306E-01	3.25430209882040E-01	1.11E-02
9.80564706690E-01	-1.95877242543670E-01	-1.11786335662646E-02	1.07E-02
8.05864696457E-01	-3.78038577668483E-01	4.55707060290922E-01	1.10E-02
9.70204849207E-01	-2.20653433540234E-01	1.00073037542844E-01	1.24E-02
8.22732141305E-01	-5.66771536183596E-01	-4.33802885542135E-02	1.09E-02
8.66996009160E-01	-3.34933764105152E-01	3.68967876330339E-01	1.09E-02
8.73840210491E-01	3.98918549602820E-01	-2.77969921596524E-01	1.14E-02
9.94774709781E-01	7.28577453529486E-02	7.15194080079634E-02	1.03E-02
5.25260593374E-01	8.46234985923700E-01	-8.93736966202704E-02	1.02E-02
5.77191106411E-01	7.52054592791158E-01	3.18220546385229E-01	1.03E-02
8.52088351632E-01	5.09316331032622E-01	-1.20591525224561E-01	1.05E-02
6.76761111009E-01	5.01515454058705E-01	-5.38958855541653E-01	1.21E-02
9.87383209683E-01	1.58169874972183E-01	7.52913587711401E-03	1.20E-02
7.00909037063E-01	5.40860457249633E-01	4.64969340437626E-01	9.96E-03
7.70208798473E-01	6.37786277767435E-01	-2.65906875497557E-03	1.12E-02
4.33307272491E-01	8.94275732717668E-01	-1.11873685373554E-01	1.16E-02
-7.08039193627E-02	9.97475985716351E-01	5.33506532990053E-03	1.24E-02
-5.65994241726E-02	8.36854910151571E-01	-5.44490922365597E-01	8.36E-03
-1.61653952408E-01	9.70848933884012E-01	-1.76975555507482E-01	1.25E-02
2.80886510509E-01	9.35105242960703E-01	-2.16057753394063E-01	9.44E-03
-1.64571657001E-01	9.85223021928071E-01	-4.74527846900319E-02	1.03E-02
-1.71610552595E-01	9.03150352046590E-01	-3.93534318498384E-01	9.83E-03
2.24934020937E-01	9.71989722018412E-01	6.81224376817354E-02	1.08E-02
-6.17906671130E-01	7.83491780725854E-01	6.58177431141187E-02	1.15E-02
-8.36379043938E-01	5.17667044302128E-01	1.80252395561116E-01	1.14E-02
-5.37240667400E-01	8.43262367233983E-01	1.67644057029834E-02	1.06E-02
-1.83369080999E-01	8.11835245732254E-01	5.54345843242654E-01	1.05E-02
-4.56785728065E-01	8.85784431368713E-01	8.20532740428118E-02	1.09E-02
-9.50143223005E-01	3.10545035493110E-01	-2.81004752350035E-02	1.05E-02
-8.73477980848E-01	-2.40545387395470E-02	4.86269057353461E-01	1.10E-02
-9.54639650472E-01	2.01142440450670E-01	-2.19556043860948E-01	1.08E-02
-7.96275272559E-01	2.20121403644870E-01	-5.63464513495135E-01	1.03E-02
-8.86052124275E-01	4.09434060576652E-01	-2.17429030049446E-01	1.06E-02
-9.91234295408E-01	-1.26684708651516E-01	3.74907481989554E-02	1.07E-02
-9.72847999452E-01	-2.30418181145455E-01	2.17768629405736E-02	1.15E-02
-9.81583756733E-01	1.45838168813554E-01	-1.23387831796115E-01	1.13E-02
-7.35985416531E-01	-6.76965642687829E-01	-6.55631553864435E-03	9.74E-03
-6.14676658653E-01	-7.34383139306716E-01	-2.87843724977828E-01	1.13E-02
-8.35890436542E-01	-4.90904066981603E-01	-2.45561346955514E-01	1.08E-02
-8.03186180882E-01	-4.25041404284443E-01	-4.17410785059093E-01	1.09E-02
-3.21157967106E-01	-9.46811442904148E-01	2.01407981482912E-02	1.08E-02
-4.42948262695E-01	-8.89153693069715E-01	-1.14902335381498E-01	1.05E-02
2.28996174152E-01	-9.56873249548854E-01	1.78757759332029E-01	9.89E-03
-1.39504110157E-01	-9.82631852062601E-01	-1.22365217939566E-01	1.22E-02
-4.10596530330E-01	-8.61242877763159E-01	-2.99451489865990E-01	1.07E-02
-3.75748233904E-01	-9.03387402997597E-01	-2.06650586313120E-01	1.24E-02
-3.03981674358E-01	-7.85435497040133E-01	-5.39153245045945E-01	1.04E-02
2.39984506400E-01	-9.27732307767231E-01	2.85867454973346E-01	1.13E-02
2.06534165622E-01	-9.66512108608329E-01	-1.52308838694140E-01	1.04E-02
-3.25752472564E-02	-9.47837798802002E-01	-3.17084153543443E-01	1.02E-02
5.90826638574E-01	-7.31423558912752E-01	-3.40504714531813E-01	1.07E-02
3.97798101913E-01	-9.01903749795423E-01	-1.68304177663923E-01	9.42E-03
7.16042138452E-01	-6.95534201611755E-01	-5.92944377559765E-02	1.23E-02
1.61273056990E-01	-8.42411360573153E-01	-5.14134321618680E-01	1.04E-02
6.88817752979E-01	-5.20907291142402E-01	-5.04168322305059E-01	1.08E-02
7.28227821527E-02	-9.40358028185671E-01	-3.32300498384062E-01	1.15E-02
9.38992698232E-01	-2.93229471327567E-01	1.79747572476251E-01	1.12E-02
9.64607879606E-01	-1.03413578878141E-01	-2.42563950961953E-01	1.30E-02
9.88280250050E-01	-4.70761536991621E-02	-1.45210134336177E-01	1.05E-02
9.32860431004E-01	3.47136171529947E-01	9.62699053822070E-02	1.03E-02
9.64755581156E-01	2.57949572849968E-01	5.20450429469323E-02	1.01E-02
9.20383985177E-01	-1.21079093868577E-01	-3.71797220077823E-01	1.15E-02
8.26774749561E-01	-4.42932345271600E-01	-3.46777235413375E-01	1.15E-02
4.27000588871E-01	2.64490873124474E-01	-8.64705195507290E-01	9.99E-03
8.61606386100E-01	-3.44388728754402E-01	-3.72868393589477E-01	1.07E-02
6.90719332296E-01	5.64178101103422E-01	-4.52338229898173E-01	1.12E-02
8.47885002479E-01	2.47809140597585E-01	-4.68702093453398E-01	1.23E-02
9.67067137385E-01	1.28550284267277E-01	-2.19672429325428E-01	1.02E-02
3.72188212694E-01	7.58905578470170E-01	-5.34357798949899E-01	1.05E-02
6.86759462626E-02	9.72767540052303E-01	-2.21375083118069E-01	1.10E-02
5.83658291917E-01	7.94644482460490E-01	-1.66982468454779E-01	1.06E-02
3.46674925203E-01	9.35998704242269E-01	6.10157511806661E-02	1.13E-02
2.10001786188E-01	8.50587889680540E-01	-4.82078304559050E-01	1.03E-02
4.81062276704E-01	8.19108271093380E-01	3.12475160866299E-01	1.10E-02
1.75782859460E-01	9.71129326438255E-01	1.61270634808803E-01	1.14E-02
3.38790999149E-01	9.07476533078044E-01	2.48408938664279E-01	1.13E-02
1.92559826683E-03	9.67649397497514E-01	2.52291370431117E-01	1.08E-02
1.46700828453E-01	8.10521761672287E-01	-5.67039099874822E-01	1.08E-02
-1.04570203869E-01	9.63319749316531E-01	2.47143952059401E-01	1.08E-02
-6.14767524882E-01	5.69235726123335E-01	-5.45922685419542E-01	1.25E-02
-3.70521854770E-01	9.17911197392550E-01	1.41959814169016E-01	1.08E-02
-8.82568776243E-01	1.06894010950215E-02	-4.70061795836941E-01	1.01E-02
-5.57888475480E-01	6.51462143157445E-01	-5.14157101438235E-01	1.07E-02
-9.53397821725E-01	3.17948902375309E-02	-3.00036128631570E-01	1.09E-02
-9.08157944697E-01	4.17644546454738E-01	-2.86736865452302E-02	1.06E-02
-8.35692484453E-01	4.60049652936426E-01	-2.99953976905777E-01	1.07E-02
-7.52167865045E-01	6.54742657566594E-01	-7.45355965715059E-02	1.04E-02
-6.60922208741E-01	3.88426804059358E-01	-6.42110934248123E-01	1.31E-02
-8.66234761760E-01	-4.96580584146782E-01	5.51820710617744E-02	1.18E-02
-8.96435949732E-01	1.85129705506908E-01	-4.02653176029605E-01	1.08E-02
-6.79488111967E-01	-4.80694959257889E-01	-5.54281753117884E-01	1.05E-02
-9.02969433798E-01	-3.09959432944352E-01	-2.97609394265165E-01	1.10E-02
-5.73262706655E-01	-7.91945006161981E-01	-2.10221255761991E-01	1.06E-02
-5.43660123697E-01	-8.24516765242627E-01	1.56862276330387E-01	9.66E-03
-4.95810977044E-01	7.79628369365826E-01	-3.82558597762714E-01	1.00E-02
-4.54808288651E-01	-8.74450322656291E-01	1.68778119969362E-01	1.09E-02
-8.92597549432E-01	-3.93120564228552E-01	-2.20739295842694E-01	1.07E-02
-1.84301682589E-01	-9.58573308346255E-01	-2.17186791313140E-01	9.62E-03
-2.21364487437E-01	-8.99343547069522E-01	-3.77066238274124E-01	1.04E-02
-5.82244743812E-01	-8.12999215580938E-01	4.83050391513796E-03	1.14E-02
-3.88764621973E-01	-9.16085933518707E-01	9.82274458161247E-02	1.03E-02
-1.12038741625E-01	-9.91419179673521E-01	6.73448628379524E-02	1.05E-02
-1.96119560626E-01	-8.53453129224743E-01	-4.82861133408136E-01	1.23E-02
2.65723919606E-01	-8.06666515153474E-01	-5.27901441444657E-01	1.11E-02
4.05328597800E-01	-8.68475800120078E-01	2.85409376881089E-01	1.11E-02
6.39403525872E-01	-7.63636981253051E-01	8.95638987797261E-02	8.50E-03
5.61730029892E-01	-8.24681521290915E-01	-6.60284935415264E-02	1.08E-02
5.54112397007E-01	-8.13615839618807E-01	-1.76036124145991E-01	1.13E-02
3.38160058744E-01	-8.30899405055186E-01	-4.41875495302617E-01	1.06E-02
4.79764123175E-01	-8.69679193164437E-01	-1.16122724266594E-01	1.03E-02
6.45822346890E-01	-2.96511979148606E-01	-7.03558201202382E-01	1.17E-02
9.50441021056E-01	7.96267564171200E-02	3.00535264413354E-01	1.16E-02
7.71451042809E-01	-6.36131853226541E-01	1.41263533806497E-02	1.01E-02
9.87069204863E-01	5.50941097470206E-02	-1.50529146289518E-01	1.01E-02
9.90350891778E-01	-1.18959806918586E-01	7.10892079936678E-02	1.03E-02
5.29819132691E-01	6.09728342994797E-01	-5.89510843313008E-01	1.13E-02
6.60883336496E-01	4.26292919764979E-01	-6.17662984239591E-01	9.74E-03
-5.33873117760E-01	8.39980983067246E-01	-9.70125879394445E-02	1.13E-02
9.41827424016E-01	8.67027393974576E-02	-3.24721016186491E-01	1.22E-02
4.33824402056E-03	8.80521564851463E-01	-4.73986237638128E-01	1.10E-02
7.05544185552E-01	6.14897027211349E-01	-3.52291141188723E-01	1.01E-02
7.65772391421E-01	5.78811016906545E-01	-2.80304211964536E-01	9.32E-03
6.12448102287E-01	5.91598141097449E-01	-5.24327151170444E-01	9.95E-03
2.78998004234E-01	9.59994785238365E-01	-2.38773103251065E-02	1.08E-02
4.92399022482E-01	8.63061426448068E-01	1.12552995677753E-01	1.12E-02
2.38982309894E-01	3.56980567979963E-01	-9.03023991731356E-01	1.13E-02
4.47859084685E-01	6.91816175578678E-01	-5.66403230457962E-01	1.09E-02
2.53106637835E-01	7.73909258636209E-01	-5.80518293666166E-01	1.22E-02
-7.15516500225E-02	8.49325551263442E-01	5.22997580635036E-01	1.34E-02
2.29133096658E-01	9.39774298450732E-01	2.53618398361484E-01	1.14E-02
-3.60998689894E-01	8.11130254230155E-01	4.60160468279738E-01	9.85E-03
-1.53787630011E-01	8.12394834933071E-01	-5.62462440550162E-01	1.08E-02
-2.23646764130E-01	9.23404068217012E-01	-3.11940782352383E-01	1.15E-02
-8.30249441481E-01	5.51534186231666E-01	8.05971856721987E-02	9.56E-03
-6.82872853928E-01	7.22192913746268E-01	-1.10100230256261E-01	1.12E-02
-7.57131804138E-01	4.44894521066047E-01	-4.78351645014724E-01	1.08E-02
-3.59780013559E-01	5.41770229050890E-01	-7.59633701699276E-01	1.14E-02
-3.56497783758E-01	9.33530134433417E-01	3.78261586762960E-02	1.07E-02
-3.37474575216E-01	2.72504191010343E-01	9.01028510628173E-01	1.14E-02
-9.21596402888E-01	3.55917647426652E-01	1.54863483216173E-01	1.09E-02
-9.37426574747E-01	1.42858009013940E-01	-3.17526386649363E-01	1.08E-02
-8.43123192635E-01	-3.16559645848521E-01	4.34664551879992E-01	1.14E-02
-7.08581957909E-01	6.73545677760133E-01	2.10351679091546E-01	1.18E-02
-9.78020818793E-01	-5.11119048177770E-03	-2.08444605924717E-01	9.89E-03
-9.15153993254E-01	7.26019718465637E-02	-3.96512449131251E-01	9.99E-03
-7.72283719284E-01	-5.75590009962567E-01	-2.68838236416636E-01	1.08E-02
-4.80459367222E-01	-7.66942950384029E-01	-4.25390770122081E-01	1.14E-02
-8.44238068828E-01	-2.50666683721880E-01	-4.73738637661205E-01	1.06E-02
-1.78335987727E-01	-9.71159899236459E-01	1.58255254562329E-01	1.12E-02
-7.05513568595E-01	-7.00466880134691E-01	-1.07688227598860E-01	1.11E-02
-2.79437615766E-01	-7.27382341540410E-01	-6.26761157148401E-01	1.12E-02
-6.62501303726E-01	-7.22232490853493E-01	-1.98676248498439E-01	1.06E-02
-1.68981301039E-01	-8.80703333642211E-01	4.42500800011157E-01	1.13E-02
-1.83100599384E-01	-7.12306753355196E-01	-6.77564210706027E-01	1.08E-02
8.07590128098E-04	-9.10902463700061E-01	-4.12620951265618E-01	1.06E-02
3.09837238911E-01	-8.81654365305414E-01	-3.55930422304467E-01	1.06E-02
-7.96605928485E-02	-9.73184300321743E-01	-2.15792742126098E-01	1.11E-02
7.38523955263E-01	-4.19041720841323E-01	-5.28191635391296E-01	1.10E-02
3.60768765079E-01	-8.93845738608725E-01	-2.66243673566979E-01	1.05E-02
7.14190172865E-01	-6.20286251774887E-01	3.24310596253557E-01	1.14E-02
7.73049411627E-01	-6.22603991291659E-01	-1.21486119414657E-01	1.05E-02
4.04919768871E-01	-9.12670576342188E-01	5.54292328735948E-02	1.08E-02
8.95263641471E-01	-2.34147931760224E-01	-3.79048490713897E-01	1.05E-02
4.72398144844E-01	-6.33607892974279E-01	-6.12683466978666E-01	1.04E-02
6.23161870837E-01	-6.14491364263358E-01	-4.83807447214732E-01	1.06E-02
8.84725775598E-01	-4.37634777885628E-01	-1.60424758618036E-01	1.15E-02
8.03589043401E-01	5.89203249575594E-01	-8.41675710426724E-02	8.41E-03
7.82619608736E-01	2.94587969405161E-01	-5.48383512063920E-01	1.00E-02
9.11809016725E-01	-3.00312740618172E-01	2.80029596365847E-01	1.02E-02
8.42438893542E-01	-2.78743778582683E-01	-4.61084175122973E-01	1.13E-02
6.65385747660E-01	6.83944349150705E-01	2.99135310646284E-01	1.17E-02
9.60859014588E-01	-2.56090431300322E-01	-1.05677079265318E-01	1.13E-02
8.07630186435E-01	1.87877721082521E-01	-5.58959250643794E-01	1.21E-02
8.45430820513E-01	5.34080603306685E-01	-2.15334583809147E-03	1.31E-02
5.97717603516E-01	5.14910485420114E-01	-6.14492358334663E-01	1.08E-02
8.78667729206E-01	2.70967358709370E-01	3.93089954292603E-01	1.06E-02
7.41632696925E-01	6.09229466039615E-01	2.80749711596142E-01	9.87E-03
8.87017793958E-01	4.29669325080792E-01	-1.69067159101962E-01	1.10E-02
3.75575949266E-01	9.26062863823462E-01	-3.67461369365239E-02	8.65E-03
-2.30365161412E-01	8.46865674001976E-01	-4.79322879283633E-01	1.17E-02
-5.71285823151E-02	7.75927513448319E-01	-6.28229909313914E-01	1.27E-02
-6.50302539704E-01	6.83572996992269E-01	-3.31412981999927E-01	1.04E-02
-4.35495064441E-01	5.84425767932171E-01	-6.84682824835535E-01	1.06E-02
-6.00232556592E-02	9.18693441394084E-01	-3.90383874563948E-01	1.12E-02
1.56359982174E-01	6.82329451546216E-01	-7.14127492488017E-01	1.10E-02
-2.63549603779E-01	2.18379537870094E-01	-9.39602034793135E-01	1.11E-02
-5.04080329126E-01	6.17241347382619E-01	-6.04082892383050E-01	1.10E-02
-6.12040837007E-01	4.91229575288106E-01	-6.19757628591703E-01	9.55E-03
-6.29338990495E-01	7.24494717084981E-01	2.81140249623681E-01	1.08E-02
-3.51594619228E-01	9.19398745428853E-01	-1.76315542803540E-01	1.14E-02
-3.26290978192E-01	9.00453946683255E-01	-2.87605437105751E-01	1.04E-02
-9.40417470205E-01	-2.05159402088401E-01	-2.71154202377876E-01	1.07E-02
-9.28440384009E-01	-1.34294632296425E-01	-3.46357337266703E-01	8.94E-03
-8.79065226639E-01	3.57168173582607E-01	-3.15713831014994E-01	1.14E-02
-5.81199281676E-01	7.11823661607508E-01	-3.94353229674760E-01	1.10E-02
-6.85044183294E-01	-8.87676308291600E-03	-7.28447438057174E-01	1.10E-02
-6.99369601698E-01	-6.52562610005143E-01	-2.91623387682844E-01	1.10E-02
-6.61108087141E-01	-7.50282362033035E-01	-3.53190294895009E-03	1.06E-02
-9.96469108619E-01	-2.79426124689873E-02	7.91740233729062E-02	9.80E-03
-7.44319664873E-01	-6.39684001887791E-01	-1.91814009425075E-01	1.10E-02
-1.15418351663E-01	-9.08841723072807E-01	-4.00855742757357E-01	1.19E-02
-8.57224966987E-01	-3.29538339945846E-01	-3.95689067931348E-01	1.01E-02
-7.88642347471E-01	-5.07962534158266E-01	-3.46435147852110E-01	1.09E-02
-9.86066165167E-01	-1.54325395126778E-01	-6.21062825480108E-02	1.10E-02
-2.12790501511E-02	-8.19277545568603E-01	-5.73002186166643E-01	1.06E-02
-6.21834745156E-01	-7.76354594511827E-01	-1.02932469598639E-01	1.13E-02
2.53533303075E-02	-6.74314479109917E-01	-7.38008937550921E-01	1.08E-02
-3.84504508674E-01	-7.17914448560636E-01	-5.80306063519384E-01	1.10E-02
-2.68148194369E-01	-9.23881391880521E-01	-2.73019632249796E-01	1.21E-02
-6.28189025618E-02	-8.73549798143590E-01	-4.82663998703264E-01	1.01E-02
7.72331880598E-01	-5.93715256023084E-01	-2.25844329078305E-01	1.24E-02
-1.56845536685E-01	-9.87306651533538E-01	-2.50010691683133E-02	9.22E-03
5.33792540016E-01	-7.97770400634829E-01	-2.80406690530648E-01	1.03E-02
5.08586587953E-01	-7.74243250503897E-01	-3.76679003401464E-01	9.41E-03
9.14116317042E-01	-2.89495063561502E-01	-2.83873153170448E-01	1.18E-02
7.78058803139E-01	-3.12414780118631E-01	-5.44996792670483E-01	1.06E-02
7.39059239468E-01	-2.50978036658913E-01	-6.25141156597327E-01	1.09E-02
5.42361445329E-01	-6.43739950444803E-01	-5.39854553395433E-01	9.70E-03
9.01622965154E-01	5.15419932432450E-02	-4.29440859303858E-01	1.11E-02
8.59055310933E-01	3.41757849192619E-01	-3.81084695668310E-01	1.02E-02
8.38356710661E-01	-4.90129235506719E-01	-2.38602929970832E-01	1.11E-02
8.03407839698E-01	7.92202996130550E-02	-5.90135566833136E-01	1.09E-02
7.58512094915E-01	4.67800347792017E-01	-4.53676356528879E-01	1.02E-02
7.37034671668E-01	1.46119730077328E-01	-6.59870379120885E-01	1.09E-02
8.47848673577E-01	5.15464375936607E-01	1.24294424063235E-01	1.08E-02
5.68467783627E-01	4.46668115747593E-01	-6.90892157541447E-01	1.12E-02
6.64390255074E-01	7.34848503186016E-01	1.36320454545057E-01	9.54E-03
8.03856879045E-01	5.24591345210210E-01	2.80389084207194E-01	1.01E-02
1.75068939883E-01	9.84072004997471E-01	-3.08732127963385E-02	1.06E-02
-1.02204620297E-02	9.53482020852340E-01	-3.01276580681665E-01	1.17E-02
-2.51115995419E-01	9.43047720572616E-01	-2.18178260987270E-01	9.30E-03
5.53123576897E-02	6.60900808838517E-01	-7.48432137179720E-01	1.08E-02
-3.59242754398E-01	7.54300315344986E-01	-5.49523136622128E-01	1.18E-02
2.86400552319E-02	5.76952699331530E-01	-8.16275278304061E-01	1.12E-02
-5.22371522429E-01	8.28522197653381E-01	-2.01690258939259E-01	1.11E-02
-8.27024758601E-02	5.46859110310580E-01	-8.33129890207357E-01	1.01E-02
-7.81687431330E-01	5.53877349230756E-01	-2.86678638390049E-01	1.07E-02
-8.14874194411E-01	2.66799471096524E-01	5.14585356871172E-01	1.08E-02
-6.72528259335E-01	7.07257271528191E-01	-2.17928640308847E-01	1.12E-02
-9.23678163182E-01	3.61870138819304E-01	-1.25970843816383E-01	1.16E-02
-6.38065105955E-01	6.27936766815801E-01	-4.45610073319920E-01	1.13E-02
-6.83983933274E-01	4.80912929776363E-01	-5.48533256053439E-01	1.10E-02
-8.75872985485E-01	4.68786756133272E-01	-1.14391829127696E-01	1.06E-02
-7.52283116082E-01	-1.83957866535488E-01	-6.32637033849544E-01	1.16E-02
-9.86981673142E-01	-7.89844449505319E-02	-1.40102228168232E-01	1.08E-02
-8.48171535963E-01	2.25193277153017E-01	-4.79471619083366E-01	9.16E-03
-9.62185691545E-01	-9.74411114239214E-02	-2.54369661695255E-01	1.24E-02
-9.25291504070E-01	-3.79645473274920E-02	-3.77351726699141E-01	1.26E-02
-9.47194955519E-01	-3.04558026243765E-01	1.00330079688494E-01	1.12E-02
-8.51386190443E-01	-6.75349628152695E-02	-5.20173609019907E-01	1.03E-02
-9.21745696260E-01	-3.69039597800120E-01	-1.19141288736668E-01	1.13E-02
-6.10832867127E-01	-4.60855523613516E-01	-6.43813167613384E-01	1.26E-02
-4.84448537612E-01	-3.87258949495926E-01	-7.84436179967047E-01	1.27E-02
-2.06393952424E-01	-7.87843632202923E-01	-5.80261964633217E-01	1.06E-02
-4.77056288262E-01	-8.50221287235058E-01	-2.22578212236167E-01	1.04E-02
-2.72863242607E-01	-9.46789574582942E-01	-1.70690223197335E-01	9.88E-03
1.21410525592E-01	-8.96824030859476E-01	-4.25401154145764E-01	1.12E-02
3.16737908389E-01	-9.48364429605787E-01	1.67930357031995E-02	8.81E-03
-8.40455021687E-01	-2.21596353357758E-01	4.94500164509629E-01	1.07E-02
-5.67652462375E-02	-6.10931175781753E-01	-7.89645999975633E-01	1.14E-02
1.08117295182E-01	-7.31655200722543E-01	-6.73046296875800E-01	1.07E-02
8.24079759847E-02	-8.02737576895421E-01	-5.90610961745687E-01	1.10E-02
2.16278588330E-01	-9.74766557961475E-01	5.52605619745659E-02	1.31E-02
3.37599233702E-01	-5.66284600877984E-01	-7.51896607395098E-01	1.01E-02
4.59240188211E-01	-7.09679533893708E-01	-5.34278399998049E-01	1.11E-02
7.63899607027E-01	-4.81666898308358E-01	-4.29481535643460E-01	1.09E-02
3.81298010646E-01	-9.22078647318740E-01	-6.62026829978932E-02	1.28E-02
5.98091214215E-01	5.82858271772399E-02	-7.99305737392866E-01	9.69E-03
7.83043763855E-01	-5.30832147424163E-01	-3.24129133446914E-01	9.93E-03
7.38953604778E-01	4.17742994543686E-02	-6.72460019548357E-01	1.08E-02
5.49236422361E-01	3.70191394337480E-01	-7.49198027166543E-01	8.95E-03
6.69000931072E-01	7.29163860183117E-01	-1.44075741286431E-01	1.06E-02
9.40203842058E-01	-2.11821821919800E-02	-3.39953012249075E-01	1.09E-02
8.96322858793E-01	1.53779100084181E-01	-4.15881378740706E-01	1.09E-02
2.07567947179E-01	5.35474505182717E-01	-8.18646811270427E-01	1.08E-02
9.68464147186E-01	2.42219065946308E-01	-5.83705380083665E-02	1.05E-02
1.47886294248E-01	9.72483645118328E-02	-9.84211562405796E-01	1.06E-02
7.62303427102E-01	-1.44100194555572E-01	-6.30974340965933E-01	1.12E-02
3.00613697776E-01	4.35648991609608E-01	-8.48434653240198E-01	1.25E-02
-5.75782062436E-02	3.32607718502985E-01	-9.41305931011810E-01	1.05E-02
-3.95786971311E-01	6.70716058509256E-01	-6.27289918776239E-01	1.07E-02
-7.91146474142E-02	9.91656201410153E-01	-1.01778439609349E-01	9.76E-03
5.76600750422E-02	9.16208043552778E-01	-3.96532642635272E-01	1.02E-02
-2.93367205831E-01	9.32719932453624E-01	2.09688364356392E-01	1.07E-02
-2.95245666078E-01	7.13953649612563E-01	-6.34901711186098E-01	1.06E-02
-1.60731429778E-01	5.98955297742250E-01	-7.84485792598035E-01	1.14E-02
-7.01803526109E-01	5.43862853255089E-01	-4.60092390276169E-01	9.80E-03
-4.89074283506E-01	8.20335335820746E-01	-2.96405603888799E-01	8.90E-03
-2.89910141747E-01	8.74402438348329E-01	-3.89066171136065E-01	1.06E-02
-4.27849561013E-01	-2.31081553024372E-01	-8.73811231898746E-01	8.77E-03
-9.27774295050E-01	-2.23297137623519E-01	2.98953584648432E-01	9.97E-03
-4.00063690162E-01	8.43379353372624E-01	-3.58692500783664E-01	1.34E-02
-5.62967296016E-01	4.44811122766762E-01	-6.96570806651933E-01	1.02E-02
-8.59673865091E-01	1.20323787663908E-01	-4.96470574960533E-01	1.33E-02
-8.95619434248E-01	-2.30115600238089E-01	-3.80673928086730E-01	1.16E-02
-5.76243614313E-01	-6.73260781470277E-01	-4.63317620102760E-01	1.19E-02
-8.87672480497E-01	-1.31769599928976E-01	-4.41219151786015E-01	1.15E-02
-3.58081741755E-01	-6.52730563239670E-01	-6.67622856135385E-01	1.03E-02
-8.15468851172E-01	-5.57079693477543E-01	-1.57075675655356E-01	1.11E-02
-2.96575621728E-01	-3.86603136448723E-01	-8.73258790671284E-01	1.26E-02
-6.53904028363E-01	-5.84491556283633E-01	-4.80394777578088E-01	1.20E-02
-1.33542199390E-01	-5.46896912101533E-01	-8.26480640133774E-01	1.06E-02
-6.09979055855E-01	-5.45983556076175E-01	-5.74306109938290E-01	1.02E-02
-2.63119706279E-01	-6.49335471215469E-01	-7.13534488296797E-01	1.10E-02
2.06166806587E-01	-6.96893843598249E-01	-6.86901898830158E-01	1.02E-02
-1.01486780141E-01	-7.67043202487893E-01	-6.33518081015632E-01	1.10E-02
1.34198096332E-01	-6.47626417814520E-01	-7.50047261103929E-01	1.15E-02
-5.03537402250E-02	-2.51744194414353E-01	-9.66482985584342E-01	1.09E-02
4.59914654746E-01	-8.55752651846685E-01	-2.36993479249520E-01	1.16E-02
5.21572242782E-02	-8.63464901562921E-01	-5.01705080425265E-01	1.13E-02
5.25847045702E-01	-4.49406566833703E-01	-7.22162462478604E-01	1.08E-02
7.02830531083E-01	-3.51440765980932E-01	-6.18480907210963E-01	1.14E-02
6.66513720019E-01	-4.57105746106717E-01	-5.88908989490935E-01	1.06E-02
4.57654228940E-01	-2.01012506828067E-01	-8.66110026978198E-01	1.14E-02
4.60329165090E-01	-3.10015744950211E-01	-8.31857738829569E-01	1.08E-02
8.52587628388E-01	2.30728734785448E-04	-5.22584235012480E-01	1.15E-02
6.70187488497E-01	2.24470072888042E-01	-7.07433330172731E-01	1.22E-02
7.09722022694E-01	3.37201521388443E-01	-6.18538426030101E-01	1.10E-02
6.26889806900E-01	7.41436493024615E-01	-2.39334696223430E-01	9.02E-03
4.73423484290E-01	-8.33795248712148E-02	-8.76879729127562E-01	1.05E-02
8.21691896868E-01	4.39045735992435E-01	-3.63402350470874E-01	1.11E-02
3.41775465183E-01	6.25813314375702E-01	-7.01104291064497E-01	1.06E-02
3.10884252136E-01	5.39415090721042E-01	-7.82548619368935E-01	1.14E-02
4.91787689447E-01	8.49799707804822E-01	-1.89697983973423E-01	1.11E-02
2.40638326858E-01	6.12994645241577E-01	-7.52549507043912E-01	1.10E-02
-3.27658674236E-01	6.34176238755398E-01	-7.00328702393265E-01	1.12E-02
8.69813367822E-03	9.97781893860336E-01	6.59972329343941E-02	8.43E-03
1.70401769599E-01	9.06051092414074E-01	-3.87343071259774E-01	1.25E-02
-9.05436934700E-01	3.39408124650010E-01	2.54923679173392E-01	9.11E-03
-2.63541585738E-01	5.78991466362866E-01	-7.71566403147268E-01	1.05E-02
-7.65048506520E-01	5.91732075121444E-01	2.54074662144976E-01	9.47E-03
-5.95781648043E-01	2.48165810032323E-01	-7.63844197848051E-01	9.69E-03
-4.72641033961E-01	8.61218940663597E-01	1.86848573071400E-01	1.10E-02
-7.35169954976E-01	2.00964722494428E-01	-6.47408926114487E-01	1.13E-02
-7.33154817160E-01	3.02206787312848E-01	-6.09224976323925E-01	1.05E-02
-4.66166444159E-01	1.33435595375381E-01	-8.74576347854936E-01	9.24E-03
-5.15485414941E-01	2.88686595551351E-01	-8.06805327530620E-01	1.07E-02
-7.90105812037E-01	-8.28068880456446E-02	-6.07351483967448E-01	1.06E-02
-6.47666795156E-01	-1.16622734636910E-01	-7.52945456336908E-01	1.19E-02
-4.54518561316E-01	-6.43571346902674E-01	-6.15815555881343E-01	1.14E-02
-5.07708929095E-01	-4.14303845325406E-02	-8.60531909085484E-01	1.09E-02
-7.86142222767E-01	-2.60518739341094E-01	-5.60455521905536E-01	1.04E-02
-8.44098420620E-01	-5.33608876496285E-01	-5.25302125597579E-02	1.09E-02
-4.84543510045E-01	-7.02536377201372E-01	-5.21210346771764E-01	1.10E-02
-5.68817968048E-01	-3.97662110484697E-01	-7.19938167560971E-01	8.82E-03
-4.15504746468E-01	-4.97169734290728E-01	-7.61694204368002E-01	1.01E-02
1.54806530736E-01	-9.86581754798656E-01	-5.18785036400295E-02	1.10E-02
1.83957587673E-01	-9.20847164345211E-01	-3.43802422700992E-01	1.01E-02
-3.99216356102E-01	-7.75532031557462E-01	-4.89056611292505E-01	1.09E-02
6.49891085271E-01	-6.55456794751799E-01	-3.84731032670236E-01	1.05E-02
2.80585649837E-01	-4.13149418237568E-01	-8.66359770139186E-01	1.04E-02
1.88301989213E-01	-7.75505817019413E-01	-6.02605251078470E-01	1.15E-02
9.56344976114E-01	-2.11653248537763E-01	-2.01512255323966E-01	1.09E-02
6.18768306622E-01	-3.92732329235591E-01	-6.80358067706363E-01	1.06E-02
4.13543597813E-01	-5.96651068990931E-01	-6.87742098885902E-01	1.06E-02
4.52195543671E-01	-4.10621133706080E-01	-7.91776151976146E-01	1.05E-02
5.54704191411E-01	-3.24534838901615E-02	-8.31414476307673E-01	1.24E-02
7.15442985262E-01	-6.78423081697913E-02	-6.95369510448587E-01	1.12E-02
5.37162503939E-01	-2.52468895685285E-01	-8.04807990189576E-01	9.52E-03
8.55804920381E-01	1.14251205055864E-01	-5.04524132619580E-01	9.89E-03
9.24710760380E-01	-3.31210536985294E-01	-1.87642185627717E-01	1.08E-02
6.30244444420E-01	6.51729556717415E-01	-4.21948486404023E-01	1.12E-02
6.91651120946E-01	-1.89064041656306E-01	-6.97046278985202E-01	1.05E-02
4.41321945504E-01	6.16951296251080E-01	-6.51618015765880E-01	1.08E-02
5.83398760543E-01	8.01912604397134E-01	1.28771352040252E-01	1.05E-02
4.02378552194E-01	3.77766208685701E-01	-8.33896991426052E-01	1.17E-02
2.62393290517E-01	6.92500118831854E-01	-6.72006954212277E-01	1.10E-02
4.52568980639E-01	8.44512004247876E-01	-2.86322881455033E-01	8.74E-03
-2.17138847850E-01	6.65487053022030E-01	-7.14127231671277E-01	1.10E-02
5.22454740029E-02	3.14592951379716E-01	-9.47787784996416E-01	1.14E-02
-2.53729524380E-01	7.83379259172905E-01	-5.67396038720216E-01	1.01E-02
-5.82726850268E-01	7.61481723479441E-01	-2.83857363448637E-01	1.32E-02
-7.20842402902E-01	6.35750660366206E-01	-2.76056747829824E-01	8.75E-03
-6.90490984280E-01	6.47010212645685E-01	3.23419209943286E-01	1.09E-02
-8.63648642848E-01	2.99985127780363E-01	-4.05117198867251E-01	1.06E-02
-5.49090019726E-01	1.72517950865244E-01	-8.17763845414235E-01	1.20E-02
-4.42857792908E-01	2.30478785753617E-01	-8.66462061822806E-01	1.13E-02
-8.27353692944E-01	2.76279124378416E-02	-5.61001395031134E-01	1.02E-02
-7.18410330057E-01	-2.83955656481131E-01	-6.35024237978369E-01	9.27E-03
-7.33926830171E-01	3.86888068921559E-01	-5.58273257537292E-01	9.48E-03
-5.62482191895E-01	-1.19819076014662E-01	-8.18081397431892E-01	1.04E-02
-4.01361257858E-01	-5.30672354189610E-02	-9.14381216569795E-01	1.03E-02
-9.42969283230E-01	-3.32559462315436E-01	-1.45991406874580E-02	1.09E-02
-3.36928827128E-01	-5.76632328017810E-01	-7.44294379755185E-01	1.14E-02
-8.29464563257E-01	-1.62035552582486E-01	-5.34540005986150E-01	1.07E-02
-5.31060839361E-01	-5.61488985186528E-01	-6.34590028610467E-01	9.86E-03
-5.51772711777E-01	-6.26378781400079E-01	-5.50632814814030E-01	1.01E-02
5.40087378509E-03	-7.49287722657399E-01	-6.62222575300211E-01	1.10E-02
-5.63774821938E-01	-7.34065049736820E-01	-3.78558387707157E-01	8.71E-03
3.81079564148E-01	-6.92220296420860E-01	-6.12869828765920E-01	1.03E-02
2.87449033630E-01	-7.36652292814608E-01	-6.12140876396995E-01	1.06E-02
1.76227392271E-02	-1.65707823908835E-01	-9.86017421832662E-01	1.09E-02
4.43362056314E-01	-7.75863996256831E-01	-4.48848689797786E-01	1.07E-02
2.33848427309E-01	-8.70835544996224E-01	-4.32389137948685E-01	1.19E-02
5.97797242596E-01	-5.57542732405862E-01	-5.76007429020318E-01	1.22E-02
3.84204878333E-01	-1.42370290876231E-01	-9.12204643564759E-01	1.05E-02
6.55014508499E-01	-9.11336610592568E-03	-7.55561341132425E-01	1.06E-02
6.37502276680E-01	-1.06409992451239E-01	-7.63064715954075E-01	1.05E-02
8.94487583050E-01	2.42998302523402E-01	-3.75291604941043E-01	9.53E-03
5.13060991269E-01	2.11952181172722E-01	-8.31772019326610E-01	1.08E-02
7.88676736153E-01	-3.23626469700817E-02	-6.13955751607092E-01	1.09E-02
5.23603973771E-01	1.02251921347608E-01	-8.45803418786938E-01	1.02E-02
2.77275518596E-01	1.38700737487663E-02	-9.60690328795787E-01	1.12E-02
3.53235635446E-01	7.00697702325802E-01	-6.19876855356397E-01	1.17E-02
3.56976674655E-01	1.93868382871739E-01	-9.13773880057118E-01	1.16E-02
4.75041955048E-01	4.41676307969350E-01	-7.61089469065761E-01	1.21E-02
1.06045592225E-01	4.99653026279336E-01	-8.59709942771183E-01	1.29E-02
3.01233721247E-01	8.15490852663961E-01	-4.94199265888898E-01	9.87E-03
-1.82674394059E-01	5.06728973226807E-01	-8.42529413995625E-01	1.14E-02
-3.31052892488E-01	8.20406315230694E-01	-4.66194659241267E-01	1.04E-02
-2.25600496046E-01	4.19649287099055E-01	-8.79203555509704E-01	1.09E-02
-2.91278266403E-01	4.82188693633022E-01	-8.26226987730242E-01	1.12E-02
-4.20517364799E-01	7.80159527716992E-01	-4.63158997769539E-01	1.02E-02
-3.69689618119E-01	1.49780599160555E-01	-9.17003466934625E-01	1.21E-02
-4.27719505827E-01	3.31981611814539E-01	-8.40740289121393E-01	1.03E-02
-6.71055706385E-01	-2.23974633456079E-01	-7.06767007221354E-01	1.21E-02
-9.59411975951E-01	2.55452030630634E-01	-1.19469328487253E-01	1.05E-02
-7.14579013305E-01	-3.76888460673243E-01	-5.89348726947834E-01	1.25E-02
-4.74909149019E-01	-1.41409840567924E-01	-8.68599192474994E-01	1.16E-02
-5.94009408739E-01	-2.07611389910765E-01	-7.77206750555620E-01	8.99E-03
-3.38479850773E-01	-2.75288173363836E-01	-8.99804318853234E-01	1.17E-02
-3.87513492003E-01	-4.17074067031757E-01	-8.22120743033003E-01	9.87E-03
-4.42195193255E-01	-5.69678153689193E-01	-6.92769956241892E-01	1.10E-02
-7.97114323989E-01	-3.42879761078271E-01	-4.97033423358133E-01	1.11E-02
-6.41931228907E-01	-6.65872317238264E-01	-3.80182001796445E-01	1.05E-02
4.22021382780E-01	-8.35398355025519E-01	-3.52147044424542E-01	1.31E-02
1.58713507090E-01	-5.55833832792555E-01	-8.16001699134466E-01	1.01E-02
2.73819126725E-01	-2.99732456561999E-01	-9.13883767402964E-01	1.12E-02
2.39155076851E-01	-6.11530878564237E-01	-7.54211398600426E-01	1.08E-02
5.87990716505E-01	-4.85380528936879E-01	-6.47049193981766E-01	9.08E-03
3.12312470322E-01	-6.58348567687222E-01	-6.84863551596434E-01	1.16E-02
4.28181804493E-01	-5.05954995748721E-01	-7.48778929042521E-01	1.16E-02
6.00839370272E-01	1.66665432128365E-01	-7.81802203159114E-01	1.13E-02
4.93108906227E-01	3.17055603180909E-01	-8.10135390592656E-01	1.08E-02
4.62930436470E-01	2.46172904887907E-02	-8.86052707235197E-01	1.14E-02
3.83388771273E-01	4.70820746328215E-01	-7.94569616137430E-01	8.33E-03
5.10948435449E-01	5.33650297856727E-01	-6.73905821246538E-01	1.04E-02
4.73987862143E-01	7.44574750135668E-01	-4.70046750867540E-01	1.08E-02
1.01652045510E-04	4.94353916843135E-01	-8.69260717258471E-01	9.17E-03
3.91412889574E-02	8.19281715726637E-01	-5.72053694835348E-01	1.15E-02
-4.27962038945E-02	4.32291066184757E-02	-9.98148149962314E-01	1.01E-02
1.09458454036E-01	8.67170174792118E-01	-4.85834060962244E-01	1.05E-02
-1.62967070485E-02	2.32374825351292E-01	-9.72489772636367E-01	1.02E-02
-1.83824758055E-01	7.43350308143772E-01	-6.43147555160370E-01	1.14E-02
-1.37292304675E-01	2.57884760425478E-01	-9.56371409765765E-01	1.34E-02
-4.22562854755E-01	8.73756927461664E-01	-2.40810019505891E-01	1.07E-02
-7.77561732808E-01	4.95392814574589E-01	-3.87277304963852E-01	1.13E-02
-3.98497880020E-01	4.36143730896192E-01	-8.06832129764127E-01	1.13E-02
-7.12012314278E-01	9.97986620249461E-02	-6.95038625814697E-01	1.00E-02
-2.98442898008E-01	-8.68233756351334E-02	-9.50470166850140E-01	1.13E-02
-4.35968730348E-01	4.01147974677020E-02	-8.99067332952897E-01	1.08E-02
-7.23059246087E-01	-9.75081555538653E-02	-6.83869495041694E-01	1.01E-02
-8.52739585157E-01	-4.11620485051938E-01	-3.21564575461374E-01	1.14E-02
-5.11720900742E-01	-4.81479407156435E-01	-7.11561171107443E-01	1.18E-02
-8.13609452312E-02	-6.95142302900792E-01	-7.14253159117181E-01	1.08E-02
-2.37749369270E-01	-2.97035225431834E-01	-9.24794740612366E-01	1.07E-02
-1.93155018652E-01	-3.87638118697578E-01	-9.01347783989180E-01	8.80E-03
-1.24407860522E-01	-3.21687094628918E-01	-9.38637362025200E-01	1.03E-02
-1.59110023873E-01	-2.20023446586066E-01	-9.62431131694837E-01	1.16E-02
-3.42753720437E-02	-5.23336462119949E-01	-8.51436519235017E-01	1.08E-02
3.68031541281E-01	-7.67898317289070E-01	-5.24294725251961E-01	1.11E-02
1.78251367544E-01	-4.64370829450834E-01	-8.67517252118945E-01	1.06E-02
1.00279399071E-01	-8.82601714088975E-02	-9.91036923764636E-01	9.82E-03
6.72469171818E-01	9.94474182178756E-02	-7.33413542256114E-01	1.04E-02
5.50235802733E-01	-1.46248830945384E-01	-8.22102086627629E-01	1.12E-02
6.15539741731E-01	-2.10274458259216E-01	-7.59536357624173E-01	1.04E-02
3.35361230202E-01	3.09297080391255E-01	-8.89869744029197E-01	1.09E-02
4.16536763822E-01	5.44341247868204E-01	-7.28141284541524E-01	1.19E-02
7.39930056359E-01	4.05568823291150E-01	-5.36672564299037E-01	1.06E-02
6.36361741754E-01	3.42609134511804E-01	-6.91131474164579E-01	1.18E-02
1.61117324340E-01	2.82344706199494E-01	-9.45686351111450E-01	9.92E-03
-8.90154294426E-02	4.40984102686478E-01	-8.93089734852520E-01	1.33E-02
1.73438627446E-01	7.47804865915491E-01	-6.40864201701576E-01	9.12E-03
-4.59724113462E-01	6.97855420978239E-01	-5.49228141042141E-01	1.06E-02
-1.54338732262E-01	3.58997692962157E-01	-9.20489115726801E-01	9.14E-03
-3.44192060473E-01	2.68760280792133E-01	-8.99610880867965E-01	1.11E-02
-5.87841737888E-01	3.50315065717123E-01	-7.29192324376067E-01	1.11E-02
-7.60699448704E-01	1.74921899888107E-02	-6.48868532162317E-01	1.21E-02
-6.29480990043E-01	8.44882240275490E-02	-7.72408844573348E-01	1.19E-02
-5.12243308762E-01	-2.57637235488734E-01	-8.19286181695886E-01	1.29E-02
-6.00990117735E-01	-1.41055682624514E-02	-7.99131973662013E-01	1.04E-02
-8.78500995235E-02	-1.38552316197298E-01	-9.86451020421224E-01	1.03E-02
-4.19887049439E-01	-3.26528143521954E-01	-8.46802360177165E-01	1.01E-02
-7.48053436159E-01	-4.28166254591238E-01	-5.07040151349005E-01	8.65E-03
7.49534608267E-02	-5.03566087592833E-01	-8.60699235584967E-01	1.19E-02
-7.78216225277E-03	-6.17643174975970E-02	-9.98060422536996E-01	1.19E-02
4.08368849093E-03	-4.41036521646696E-01	-8.97479866104021E-01	8.37E-03
5.46879556925E-02	-5.95596596142098E-01	-8.01419941208180E-01	1.04E-02
3.56743340371E-01	-4.56270951056953E-01	-8.15199980570595E-01	1.05E-02
1.66020794512E-01	-2.84599009113016E-01	-9.44161267899490E-01	1.06E-02
2.96949653732E-01	-9.54646000001535E-02	-9.50109158620992E-01	1.03E-02
2.00145001100E-01	-1.08476228074892E-01	-9.73742720885425E-01	1.01E-02
5.87502217722E-01	2.71416969570584E-01	-7.62347671867240E-01	1.04E-02
4.41332647805E-01	1.39858595100472E-01	-8.86377497095832E-01	1.08E-02
1.98440770117E-01	4.49254214736013E-01	-8.71086626746973E-01	9.11E-03
1.90556614137E-01	1.85229197344168E-01	-9.64042696803310E-01	9.69E-03
-1.58505921358E-01	6.69356116833225E-02	-9.85086542788533E-01	1.15E-02
-1.70341579830E-02	7.13545654181996E-01	-7.00401625397740E-01	8.96E-03
-5.07784746888E-01	7.26132352062530E-01	-4.63558473243353E-01	9.39E-03
-4.55609266886E-01	4.93883793870285E-01	-7.40607179333156E-01	1.02E-02
-5.28750110861E-01	5.35474127445816E-01	-6.58552032189407E-01	1.14E-02
-6.65747952154E-01	2.79512683238493E-01	-6.91847038087953E-01	1.03E-02
-2.72430269950E-01	1.09932481082158E-01	-9.55874781348402E-01	1.12E-02
-5.36987790622E-01	6.39702358246894E-02	-8.41161055715003E-01	1.10E-02
-1.93666941621E-01	-1.15599896017292E-01	-9.74232918641007E-01	1.11E-02
-3.70621507810E-01	-1.54709250862490E-01	-9.15808247203736E-01	1.08E-02
-3.14702253315E-01	-4.88378546102815E-01	-8.13909631018754E-01	1.10E-02
-2.05963403565E-01	-4.75213255411560E-01	-8.55424712217816E-01	1.10E-02
1.96498191549E-01	-3.72807930014972E-01	-9.06864216978406E-01	9.46E-03
5.86309636633E-02	-2.71224300163416E-01	-9.60728780198020E-01	1.06E-02
3.69973262978E-01	-3.50720919739751E-01	-8.60299146308222E-01	1.16E-02
2.58800005307E-01	-1.95534286370945E-01	-9.45932820081009E-01	1.24E-02
2.62848514556E-01	1.17065696865086E-01	-9.57708870697717E-01	1.13E-02
6.67398061016E-02	2.54289540944999E-02	-9.97446322653594E-01	1.10E-02
2.64780003187E-01	2.45948731668328E-01	-9.32416629679627E-01	1.08E-02
6.94396222654E-02	7.49347894858942E-01	-6.58525528229626E-01	1.22E-02
1.29152264612E-01	3.83651817498988E-01	-9.14401976963831E-01	1.12E-02
1.31971753958E-01	6.04030794819059E-01	-7.85958176411203E-01	1.01E-02
-1.17370779426E-01	6.99223471455339E-01	-7.05202550408619E-01	1.03E-02
-4.97737567330E-01	3.98372670213558E-01	-7.70426200032001E-01	1.13E-02
-7.90363452923E-01	1.18399387642798E-01	-6.01088343997746E-01	1.15E-02
-8.02252680860E-01	3.21283806915085E-01	-5.03157382403898E-01	1.31E-02
-2.69721380089E-01	-1.96887389429141E-01	-9.42595211639901E-01	1.03E-02
-6.49517507323E-01	-3.50817332173083E-01	-6.74577057961616E-01	1.14E-02
-7.31420778094E-01	-5.11897552890790E-01	-4.50538056901480E-01	1.11E-02
-1.01481064077E-01	-4.32654520442446E-01	-8.95830151074683E-01	1.29E-02
2.63412760604E-01	-5.18716170638588E-01	-8.13355550708771E-01	1.19E-02
5.10301546519E-01	-5.48968447872065E-01	-6.61986385706876E-01	1.15E-02
3.78234796585E-01	-3.28399042957204E-02	-9.25127007139280E-01	1.13E-02
3.60592378243E-01	8.07272827223887E-02	-9.29223462132229E-01	1.10E-02
-8.88141427607E-02	1.51174686295148E-01	-9.84509147884996E-01	1.05E-02
2.45756238067E-02	4.09188711458485E-01	-9.12118762623298E-01	1.03E-02
-3.34684588692E-01	3.77594935755634E-01	-8.63370309069926E-01	1.04E-02
-6.57155942187E-01	1.76754091469559E-01	-7.32737373686189E-01	1.06E-02
-1.22725184993E-01	-3.09805778731150E-02	-9.91957021630971E-01	1.08E-02
-2.34932506307E-01	-6.15953104644030E-03	-9.71992169545373E-01	1.08E-02
-1.63560297944E-01	-6.33393495095207E-01	-7.56346950352417E-01	1.06E-02
9.34515678467E-02	-3.84341293748830E-01	-9.18449004782770E-01	1.27E-02
5.49825316674E-01	-3.45868655631500E-01	-7.60307170948454E-01	1.23E-02
3.62425303897E-01	-2.45232314812715E-01	-8.99171291171467E-01	1.13E-02
1.95400154025E-02	1.28133330017155E-01	-9.91564439427303E-01	1.17E-02
8.80279645087E-02	2.03822045227072E-01	-9.75042384383318E-01	1.08E-02
-1.86295146223E-01	1.65994054472691E-01	-9.68369811783381E-01	8.18E-03
-3.38349936854E-01	3.28061879326995E-02	-9.40448336839467E-01	1.12E-02
-2.36084184545E-01	-5.59926927832978E-01	-7.94195248849585E-01	1.07E-02
1.73348570066E-01	-3.28004742435714E-03	-9.84855072863483E-01	1.20E-02
-2.51321098076E-01	3.21575508499926E-01	-9.12922175212682E-01	1.09E-02
