This design was downloaded from: http://web.maths.unsw.edu.au/~rsw/Sphere/Extremal/New/extremal1.html
                            Catesian Coordinates               		|     Weights
	x		|	y		|	z	    	|	w 
0.00000000000000E+00	0.00000000000000E+00	1.00000000000000E+00	1.16916655338948E-02
6.41357941615170E-01	0.00000000000000E+00	7.67241807207578E-01	1.26656050415641E-02
-4.29387653884139E-01	5.40450995759452E-03	9.03104110257501E-01	1.49508095203462E-02
-8.33026335485665E-01	-5.11291891328465E-01	-2.11300085776326E-01	1.14223755320624E-02
-2.35899618248793E-01	-9.50346934606912E-01	-2.02958306046632E-01	1.09376456325189E-02
8.60847020300074E-01	2.32606965157336E-01	4.52588563046809E-01	1.25128201447239E-02
-6.57423031071889E-01	1.41934046896820E-01	7.40033569878921E-01	1.14345211413738E-02
-8.87054999140928E-01	-3.50721678403837E-01	3.00212812512530E-01	1.19078989789480E-02
-3.82947117545030E-01	8.52443212642923E-01	3.55938301371126E-01	1.33077969965527E-02
-5.12500764132255E-01	-2.35314834801275E-01	8.25814685802028E-01	1.24679091547395E-02
5.21294119076160E-01	-5.93742666354052E-01	6.12961734178725E-01	1.30355223357107E-02
1.91572052359497E-02	4.78917473827433E-01	8.77650872927439E-01	1.00134516385652E-02
-7.87102717932821E-01	-3.57514636990549E-01	-5.02645596579021E-01	1.35091391242170E-02
7.11792005049096E-02	7.93960790485438E-01	-6.03787863895275E-01	1.16342846606386E-02
-6.01983334223777E-01	-3.58604511561742E-01	7.13455583483924E-01	1.27682927204157E-02
2.31332113106506E-01	-4.60544206429893E-01	8.56962360532560E-01	1.14846457368433E-02
5.35004073680890E-01	-3.47258257155659E-01	7.70183318426246E-01	1.21227980796817E-02
-7.19721481914103E-01	6.20564321157367E-01	-3.11289112848267E-01	1.23710016584439E-02
1.76657176734261E-01	-8.39034388505755E-01	5.14600366122152E-01	1.29698402112528E-02
-3.37466655996981E-01	7.25695421649826E-01	5.99568520760300E-01	1.31841909611822E-02
-8.44412535353688E-01	-4.57816091586047E-01	2.78158042167455E-01	1.17816862167507E-02
7.32816185635474E-01	2.29774842976752E-03	6.80422779176907E-01	1.26480425030515E-02
6.42365283299649E-01	4.07608867732766E-01	6.49016065869692E-01	1.21116592625599E-02
6.48338865684204E-01	-6.05373856818912E-01	4.61713340421861E-01	1.24829141510117E-02
8.33524759253774E-01	3.49049396389981E-01	4.28253423326336E-01	1.17084063156216E-02
-9.99048542016029E-01	-3.12996422639250E-02	-3.03701019062576E-02	1.34469496066742E-02
-1.41532218134401E-01	1.41679383127595E-01	9.79742610906834E-01	1.20651151940116E-02
2.57293240245826E-01	9.27356627110426E-01	2.71679728132551E-01	1.03931043541802E-02
-4.44234324477056E-01	6.64390886106263E-01	6.01032957012630E-01	1.27792927281219E-02
-9.42785775257157E-01	-3.33389350927232E-01	2.55395009325350E-03	1.28903177768286E-02
-6.75779775716816E-01	-1.59922731366629E-01	7.19545978186499E-01	1.21430298842670E-02
9.83865050652015E-01	5.58834609894445E-02	1.69960586293849E-01	1.20998698935792E-02
8.56742787630578E-01	-4.91555579126721E-01	-1.56092627860441E-01	1.24431734990917E-02
-6.50344166869811E-02	9.31176696493965E-01	-3.58720621867170E-01	1.18989556475572E-02
-2.26849489461456E-01	4.79041497570448E-02	9.72750996692951E-01	1.32062777131034E-02
3.99867697977996E-01	-4.95841964526913E-01	7.70873900406460E-01	1.21901963791336E-02
7.46333145066668E-01	-6.53762155183406E-01	1.24827404943158E-01	1.13208862524682E-02
-3.02105732782046E-01	-9.16963886071125E-01	2.60594239885616E-01	1.25395324033912E-02
-8.50050367872220E-01	-5.24190338179886E-01	5.13698495146566E-02	1.24957915504149E-02
3.92680950415428E-01	-7.89150741456677E-01	4.72274050143782E-01	1.24787058610720E-02
-5.50699026225518E-01	-3.95409245975168E-02	8.33766812601844E-01	1.23983839312773E-02
8.26724856826875E-01	5.59828697625066E-01	5.58376254867985E-02	1.23009464984343E-02
4.56222858153572E-01	-5.54647862828666E-01	6.95863817106319E-01	1.11714662236438E-02
9.15524241254489E-01	-1.66122168663429E-01	3.66358825134527E-01	1.31380750110972E-02
7.43867305613028E-02	-5.72396820007930E-01	8.16595673978994E-01	9.53620204675546E-03
2.43844496415423E-01	-7.67655197987671E-01	5.92659563805746E-01	1.24015883121450E-02
1.69693243225021E-01	-9.84428641156121E-01	4.58743247937861E-02	9.64354938248944E-03
3.67786839197734E-01	7.13769906389713E-01	5.96041409337773E-01	1.12590520419848E-02
3.15385202644191E-01	8.43255089014756E-01	4.35262023158231E-01	1.26830929448309E-02
-8.99370294255749E-02	-4.55591117919099E-01	8.85634272152635E-01	1.33244967927083E-02
6.97562670829678E-01	-6.26176355246358E-01	3.48295122554641E-01	1.31323853394554E-02
-8.28933757983485E-01	-5.52568629648720E-01	-8.68143674947418E-02	1.43754012459256E-02
9.41933420054368E-01	-5.63663846321516E-02	3.31035138419141E-01	1.17482643346059E-02
-6.49950879552721E-01	7.56102287930206E-01	7.66367037088062E-02	1.25584669788808E-02
6.65746436621902E-01	3.01069713968253E-01	6.82743516597787E-01	1.16411648484796E-02
-7.26199352051259E-01	3.48664146126067E-01	5.92509758811203E-01	1.51743430299276E-02
8.30007411661531E-03	-9.00282150462349E-01	-4.35227708594645E-01	1.20777638000296E-02
-4.84575030644138E-01	8.73539313921548E-01	4.60011598734512E-02	1.19006506752419E-02
-4.05428358910102E-01	-7.58989373203207E-01	5.09473234975168E-01	1.16819173086775E-02
-2.54022163706732E-01	-6.60009589317211E-01	7.07007837548549E-01	1.39936321077318E-02
-2.29174135732344E-01	-5.65392426744001E-01	7.92345012789165E-01	1.29476597708223E-02
3.52879129190582E-01	-7.40580025629351E-01	5.71854479584207E-01	1.28282982739907E-02
1.59791480752480E-01	3.08774399349102E-01	9.37616687663743E-01	1.12708042104279E-02
-9.72507100191827E-01	-2.29972989497232E-01	3.66382884178413E-02	1.19578023455055E-02
-7.55615127381808E-01	-1.80219615982314E-01	6.29735396247472E-01	1.15708791092321E-02
-9.12294786538017E-01	-2.29747848515112E-01	3.39019392599050E-01	1.20309057064917E-02
9.72460215549118E-01	-1.53797817776380E-01	-1.75120987952287E-01	1.40360702419050E-02
2.18371388496998E-01	-1.89705749369861E-01	9.57249009057681E-01	1.02360071674531E-02
9.40937393080269E-01	-2.20779322404723E-01	-2.56696928500941E-01	9.47780820691432E-03
-4.43903548237419E-02	-3.35988921317998E-01	9.40819292505308E-01	1.16211893515370E-02
-5.57468774063249E-01	3.54501432011528E-01	7.50704536183306E-01	1.24182218631332E-02
-8.52392867222366E-03	-2.07484729634839E-01	9.78201119202154E-01	1.24510350389191E-02
-5.96487457127323E-01	6.61097449142354E-01	-4.55140501633564E-01	1.29339650246892E-02
5.55876837813303E-01	7.95144307551905E-01	2.42376713713348E-01	1.01806787914746E-02
2.87535420691576E-01	1.00553999497238E-01	9.52476915748002E-01	1.31567557008239E-02
-2.27659315845003E-01	-2.53578001392268E-01	9.40143304565260E-01	1.16894383724867E-02
-4.61779264151804E-01	-8.86965888656276E-01	-7.17102221434095E-03	1.29603102935249E-02
-6.12992443503367E-01	-6.13060833225911E-01	4.98394100057496E-01	1.36682210216887E-02
2.37993112329508E-01	2.16553011217718E-01	9.46817866232071E-01	1.22554484172120E-02
1.16198357202139E-01	-6.48601754450751E-01	7.52205893294470E-01	1.24241993082155E-02
1.46352047823456E-01	-3.89825239022518E-01	9.09184998291831E-01	1.19845250109160E-02
4.11217974553205E-02	9.75144740229264E-01	2.17719391367064E-01	1.22067338321841E-02
8.80895373014413E-01	1.30836064892470E-01	4.54868405063760E-01	1.02901661668731E-02
-3.62574687789177E-01	3.22712869478218E-01	8.74297432026260E-01	1.15619555840273E-02
2.06999429092409E-01	8.57459452106281E-01	4.71078044859885E-01	1.17478486795701E-02
-2.15543896485304E-01	-4.58552994709796E-01	8.62131068765422E-01	1.43557204848877E-02
1.76223027674581E-01	-9.54275891734789E-02	9.79713743775058E-01	1.17756235497715E-02
9.64733623343270E-02	8.49217428868307E-01	5.19155707727663E-01	1.34065738847413E-02
5.38893018311378E-01	4.63714220543789E-01	7.03252043353390E-01	1.14787989484083E-02
-5.37981892651120E-01	-8.38863207191806E-01	-8.29698909207136E-02	1.13536413673258E-02
4.84846324006200E-01	8.73037508695841E-01	5.22451003236965E-02	1.06954727553266E-02
-7.87352830226197E-01	-6.16354502173655E-01	1.35147469477666E-02	1.25239919971861E-02
9.89335749496270E-01	-3.78062643981934E-02	-1.40660801721402E-01	1.33816129414722E-02
-6.99760481020403E-01	2.37322069488106E-01	6.73805242288879E-01	1.22202925117033E-02
-3.69172133249203E-01	6.32012623162155E-01	6.81375065728064E-01	1.11860717054476E-02
6.07238962670971E-01	-5.65794726184590E-01	5.57796710312983E-01	1.01588954569041E-02
-4.71132134547117E-01	5.70381585146988E-01	6.72829368504589E-01	1.39543096071425E-02
-4.47498764840383E-01	7.82089283281526E-01	4.33683304316086E-01	1.33859295979711E-02
-5.75122628029111E-01	4.35481824890337E-01	6.92524037791519E-01	1.12812669580957E-02
3.37995405710446E-01	-4.29089349346592E-01	8.37640397781738E-01	1.18908054011921E-02
-1.48145632771618E-01	-3.64842295172906E-01	9.19207795410625E-01	1.10021327027136E-02
-4.67693625367431E-02	-7.08609319009177E-01	7.04049330474261E-01	1.24303280415611E-02
7.06536639471516E-01	6.90100175140487E-01	1.56740949835596E-01	1.18673172396622E-02
-6.97068770965213E-01	5.65398469342203E-01	4.40930492720270E-01	1.13793665323659E-02
-8.90490480255316E-01	-3.98048553091382E-01	-2.20417907522307E-01	1.37817798076982E-02
-7.74750014033105E-01	2.23599998860333E-01	5.91409719454594E-01	1.20963819051849E-02
-7.21262300496213E-01	4.62872336295600E-01	5.15295928739169E-01	1.31423467494812E-02
7.19275415867169E-01	-6.66307734714722E-01	-1.96664381087285E-01	1.37800457114833E-02
8.13363933461587E-01	-2.73325344009720E-01	5.13548798134959E-01	1.24198686522344E-02
4.47742461361542E-01	8.97447311230508E-03	8.94117524225011E-01	1.17775132688591E-02
7.73386228879500E-01	-8.63140121935146E-02	6.28031553569247E-01	1.12214129337934E-02
-5.05941365956049E-02	4.09227244471188E-01	9.11028701921439E-01	1.39043745222313E-02
-3.81277788036149E-01	-9.21963105265107E-01	6.79064126587580E-02	1.18526391946805E-02
-5.66976787346386E-01	-7.24427443833769E-01	3.92099733780629E-01	1.30819358433704E-02
-2.36798157599088E-01	7.74257748582003E-01	5.86899967045837E-01	1.21094866533120E-02
4.44871446941018E-02	-6.35559816786943E-01	-7.70768845531987E-01	1.22769316583555E-02
-5.09654735289315E-01	-4.51728803076339E-01	7.32252100897221E-01	1.15863448995378E-02
1.81454441278460E-01	-5.58394497349305E-01	8.09487412545950E-01	1.22734884620986E-02
-1.86339373897573E-01	9.00454220550486E-01	3.93013784018164E-01	1.18177523104996E-02
8.41829664827258E-01	3.49927519436846E-01	-4.10942266696432E-01	1.14881481485343E-02
8.80718456659086E-01	2.54061750789301E-01	-3.99734445458371E-01	1.04793733651678E-02
-3.25206669572273E-01	-4.94018632935584E-01	8.06341250574573E-01	1.27816273331611E-02
-9.89593747772594E-01	-1.25133544777804E-01	7.10338675614024E-02	1.18414633214186E-02
-5.25332261766125E-01	2.71866526193348E-01	8.06296847744829E-01	8.65463884265760E-03
-9.88812421381729E-01	-8.24004469250571E-02	-1.24338898449969E-01	9.71955530610815E-03
-3.38169051608582E-01	-3.95062742866855E-01	8.54147014121496E-01	1.10061055775776E-02
-6.19417160479068E-02	-8.40144292123584E-01	5.38814246494282E-01	1.13410685472225E-02
-3.29525481505665E-01	8.88385955966875E-02	9.39957797441389E-01	1.34348482651521E-02
-2.62841161448940E-01	2.91286811486547E-01	9.19818741547579E-01	1.32239211174438E-02
-8.44643170779068E-01	1.93909499419840E-01	4.98975971456570E-01	1.26884214479083E-02
-3.88600495462855E-02	-9.65257818654756E-01	2.58393575916898E-01	1.33180954733564E-02
3.76586563852374E-01	4.65017203916074E-01	8.01212556059837E-01	1.25187216727353E-02
-8.17843979299485E-01	1.02806459973428E-01	5.66182000165419E-01	1.24341004015141E-02
4.00156602756340E-01	1.13568564195955E-01	9.09382688694354E-01	1.27460971716366E-02
-8.40592749269008E-01	4.52103217973546E-01	-2.98339588680974E-01	1.37618012474542E-02
-6.61088141748265E-01	7.09479916612312E-01	-2.44132580299336E-01	1.19806138290797E-02
-1.44039831817837E-02	-5.24097352024385E-01	8.51536546995797E-01	1.20240381988764E-02
1.15856118009386E-01	-3.36281723028219E-03	9.93260314006389E-01	1.33959768376961E-02
4.68225491803009E-01	-8.79929661714146E-01	8.05523386467326E-02	1.20960424894013E-02
7.14849306100648E-02	7.89050179259035E-01	6.10155487811883E-01	9.13495817051476E-03
-6.04847813898713E-01	5.71476288382266E-02	7.94287901544594E-01	1.25200071136102E-02
9.53423692499052E-01	-1.66426120753525E-01	2.51566311163487E-01	1.23827961952074E-02
8.17524700460452E-01	5.04774289198338E-01	2.77229654080079E-01	1.20714789558199E-02
-6.02273057206648E-01	-2.49545877141966E-01	7.58283601144323E-01	1.15148619638026E-02
8.66592211608824E-01	3.50475763987175E-02	4.97784698607241E-01	1.13351332717585E-02
-8.07313862479258E-01	-3.26221801961550E-01	4.91755694805642E-01	1.32770768467922E-02
2.99327835314724E-01	-2.47938957261248E-01	9.21373496730834E-01	1.17610076719810E-02
4.99815939679684E-01	-7.40632886141758E-01	4.49051171257178E-01	1.28952580856306E-02
8.71265419917418E-01	-2.69748384970450E-01	4.10039482076980E-01	1.24291138871636E-02
-3.97560084076728E-01	-8.97099962637481E-01	1.92763161897532E-01	1.31206940021368E-02
2.13037151299289E-01	-8.83779566324427E-01	4.16591947010130E-01	1.16632738055782E-02
-2.80132652701846E-01	5.99879054128835E-01	7.49447007671470E-01	1.38475567525157E-02
1.77296854085359E-01	1.09418084822695E-01	9.78055984208045E-01	1.12819164480209E-02
-9.44030107585919E-01	-3.08835387581596E-01	1.15878640605773E-01	1.23057524756814E-02
2.82945198566398E-02	-9.39507349789491E-01	3.41358110841983E-01	1.13373936668739E-02
-6.79588116037759E-02	-9.95622366763441E-01	6.41693285438251E-02	1.32368903329085E-02
1.40552282683515E-01	-5.76163980005384E-01	-8.05158446504045E-01	1.19526579435464E-02
-5.96052157843630E-01	7.93884276244055E-01	-1.20289571710950E-01	1.37329433619074E-02
4.08774427527470E-02	-1.02902853639654E-01	9.93851114295703E-01	1.20483007692914E-02
-9.87732586656068E-01	-1.50699981937366E-01	-4.09127449798967E-02	1.25441486062746E-02
-6.44395637037940E-01	5.42281939967855E-01	5.39151704579671E-01	1.27231096785530E-02
2.53143963843473E-02	-4.14460609435722E-01	9.09715111758547E-01	1.23114278833237E-02
5.02029803093477E-01	-1.39902607984652E-01	8.53459628268975E-01	1.40687351504662E-02
-6.15837165049618E-01	7.28158045067511E-01	3.00882780409760E-01	1.28452714790661E-02
4.36382575993413E-01	-3.85719358972609E-01	8.12890412960511E-01	1.22569810389176E-02
-6.54814291029409E-01	4.45057801887963E-01	6.10853335296047E-01	1.15672025818437E-02
6.74817785126771E-01	-4.04111794803040E-01	6.17506772576353E-01	1.35702951059717E-02
2.90137863032323E-01	3.07956620464387E-01	9.06080978912585E-01	1.32609588465497E-02
-5.13785253768038E-01	6.91650973421438E-01	5.07586095136271E-01	1.21863139680646E-02
-2.44734145776275E-01	9.48959967707949E-01	-1.98947675479972E-01	9.62519332528086E-03
-2.90499996272798E-01	9.50784826588960E-01	1.07786667513676E-01	1.35777308121960E-02
6.14355796852397E-02	-3.07228172816063E-01	9.49650735469015E-01	1.25220785730867E-02
2.44120261543813E-01	8.93186098606157E-01	-3.77655783962712E-01	1.30565086367804E-02
1.74679059914242E-01	-7.12687164488803E-01	6.79385186474054E-01	1.27796841304668E-02
9.27949373923546E-01	3.55571016183738E-01	1.11710392913825E-01	1.24411595035849E-02
2.78763880613545E-01	6.88707667130475E-01	-6.69307439149584E-01	1.32119542950278E-02
6.70895581168508E-02	1.10626695862722E-01	9.91595041009273E-01	1.19384138047031E-02
3.76438087296686E-01	7.03917438387727E-01	-6.02324336521505E-01	1.26364555996728E-02
9.99446077939324E-01	-3.08016119240547E-02	-1.26015076313006E-02	1.19941170244615E-02
-1.56435703779468E-01	-7.07166185620494E-01	6.89524369763667E-01	1.00935134615577E-02
3.42025716462210E-01	8.81985514784276E-01	3.24222085905981E-01	1.23528382159363E-02
1.06848079676776E-01	-1.97423388619479E-01	9.74478062090361E-01	1.29722027416984E-02
-8.55832756621101E-01	3.56781379280723E-01	-3.74509465958967E-01	1.16565583083373E-02
-6.96246190732923E-01	-6.18019842113717E-01	-3.65092750740999E-01	1.14886557803745E-02
6.30471826254188E-01	-7.76112070387659E-01	-1.24631656608231E-02	1.08276500240617E-02
8.50649268092705E-01	-4.59286024192464E-01	2.55836218457869E-01	1.20964362157631E-02
9.29687724088806E-01	-3.47434892950204E-01	1.22350851403885E-01	9.55615100887453E-03
-1.25009211064327E-01	-5.45246828093119E-01	8.28902041017795E-01	1.10818195003236E-02
1.52346636781944E-01	-9.31459715171260E-01	3.30413833357963E-01	1.37287206909742E-02
-4.33707634728942E-01	1.24221197952734E-01	8.92449876215473E-01	1.11897684165728E-02
1.79548820280083E-01	-2.90431543514788E-01	9.39899856190885E-01	1.19829462467377E-02
5.20681926273056E-01	-8.38017699918943E-01	1.63146150046951E-01	1.02178370904575E-02
-4.05768025982787E-01	-2.01218589094098E-01	8.91551113785974E-01	1.22962032401696E-02
1.08477627680002E-01	-4.82930659924248E-01	8.68913449083421E-01	1.28164770294021E-02
-8.64000838493904E-02	5.08859587728608E-01	8.56502741085799E-01	1.17093565455285E-02
-7.96938924169369E-01	-4.33259111669852E-01	-4.20921481156304E-01	9.70829062147492E-03
-6.84401775975134E-01	-2.63365297516632E-01	6.79877142655977E-01	1.30622947341436E-02
5.97842975451261E-01	-1.12400599443916E-01	7.93693821286414E-01	1.22087938867103E-02
-6.05879496668991E-01	-4.54341905017947E-01	6.53057018077895E-01	1.31058798850514E-02
4.26317107010552E-01	6.29901570732373E-01	6.49213166424589E-01	1.27045881470706E-02
-8.95745397739176E-01	1.88599128167407E-01	4.02579869446520E-01	1.26772664624084E-02
7.58876703579669E-01	-4.54886341438469E-01	4.66030648280538E-01	1.07417420704707E-02
5.95921265050274E-01	-4.03019697702503E-01	6.94588345082656E-01	9.96685668748957E-03
-9.81045502582639E-01	-7.75851248539583E-02	1.77567649823306E-01	1.32403613400213E-02
6.02795367286998E-01	-6.91328056082991E-01	3.98375782459030E-01	1.18054620592463E-02
6.84472724744829E-01	-4.97213759470630E-01	5.33174986729000E-01	1.37913938003263E-02
-3.65185720512386E-01	9.02940706856462E-01	2.26577733759079E-01	1.37752845456967E-02
-2.23708403641177E-01	8.40468347491702E-01	4.93525589007178E-01	1.26950526472499E-02
-3.35735550379901E-01	-7.11140667203113E-01	6.17705910333562E-01	1.33236240421920E-02
4.69597424713563E-01	7.00055358758124E-01	5.37959806469239E-01	1.30094953672782E-02
3.19311183499465E-01	9.42417516157568E-01	9.94464344839484E-02	1.37099419375791E-02
-1.32446646338614E-01	-6.32396677374653E-01	7.63238054815896E-01	1.27453172303879E-02
1.52167208511466E-02	8.93515494164617E-01	4.48774456820235E-01	1.11529164068736E-02
1.27840109201550E-01	4.97340363693876E-01	8.58084768027132E-01	1.24210462065266E-02
-5.79628900053504E-01	-7.78662268742145E-01	2.40240316058940E-01	1.09628955790070E-02
6.82861736369049E-01	1.96499986684656E-01	7.03624618838750E-01	1.30071357134868E-02
7.92871663903552E-01	4.43720435065121E-01	-4.17692111589901E-01	1.17703589128498E-02
9.05361281695538E-01	-3.89470540895464E-01	-1.69214796578806E-01	1.24443399442470E-02
-6.50525833821720E-01	3.42427130876804E-01	6.77908400574912E-01	1.17593549985327E-02
7.21246379238723E-01	5.21119123053209E-01	4.56331589990530E-01	1.20641401188226E-02
9.78037341003105E-01	-1.50833065731798E-01	1.43848343353413E-01	1.08029067538572E-02
-3.11661757013439E-01	-2.51603023857210E-02	9.49859941464611E-01	1.05201335421891E-02
8.76819895641369E-01	4.60008577867544E-01	-1.39924904487144E-01	1.18381969226655E-02
7.33651514286833E-01	-2.98594169809754E-01	6.10407222549226E-01	1.24854259270690E-02
1.25556045926397E-01	-9.51205836863586E-01	-2.81856586312920E-01	1.18218873461255E-02
2.90553230667867E-01	-5.38883984032763E-01	7.90685064928787E-01	1.26850489580744E-02
2.65100240882050E-01	-9.64211175087491E-01	-4.32112493181213E-03	1.23717280371766E-02
5.50955756273989E-02	-9.97942097536982E-01	3.28031631062130E-02	1.41506528906389E-02
2.39583916635763E-01	-6.32959429587464E-01	7.36180621441354E-01	1.18626379080415E-02
-3.82958809265190E-01	-9.86000557635321E-02	9.18488203195672E-01	1.07126313009589E-02
-9.65508693704140E-01	1.51952099930705E-01	2.11432073509134E-01	1.08766390707022E-02
4.20521523389032E-01	-6.46944888127107E-01	6.36100589602597E-01	1.28565952085471E-02
-6.44935458545178E-01	-5.95695530954702E-02	7.61911886411497E-01	1.15996552063530E-02
4.66902866198445E-01	-3.11192834241932E-01	-8.27744364796372E-01	1.21758383008815E-02
-2.30744325916843E-01	-7.50303759567632E-01	6.19517008996409E-01	1.17834477127179E-02
7.27020723353482E-01	-5.36725702937869E-01	-4.28213016640585E-01	1.19681388615780E-02
-1.73387494116809E-01	-8.94786434465742E-01	-4.11453537571347E-01	8.80072018324549E-03
-8.62900519138160E-01	-3.05459714809114E-01	4.02612787551299E-01	1.02927071204857E-02
-6.99414493638758E-01	-5.63123394583929E-01	4.40126582428635E-01	1.30731407943121E-02
-3.30585229843588E-01	-2.76568747881342E-01	9.02343135123556E-01	1.23187277433462E-02
-5.14127503851376E-01	6.27914920045462E-02	8.55412262196069E-01	1.04678302647744E-02
8.05066606854357E-01	3.01995408937474E-02	5.92415180644299E-01	1.30607768787696E-02
-9.33341934252637E-01	1.88797631539264E-01	3.05333077295449E-01	1.08697976776474E-02
3.42849111125054E-01	-4.96347908968224E-03	9.39377374049474E-01	1.25413629895843E-02
-5.11587426699709E-01	-5.44801431688977E-01	6.64431866237922E-01	1.31535591085985E-02
9.54390253556180E-02	-8.98165791258413E-01	4.29173163015021E-01	1.16846338727960E-02
5.04806399690214E-01	-4.60054581924918E-01	7.30424726088658E-01	1.36009497990981E-02
-9.52179779353390E-01	-1.50680615826052E-01	2.65798833339821E-01	1.22522672564183E-02
2.17402097983730E-02	6.62111014058429E-01	7.49090360597732E-01	1.03297460469954E-02
-6.93602026170870E-01	4.06501838030065E-02	7.19210533744080E-01	1.25549598604160E-02
-9.84209638013852E-01	1.76855103969256E-01	7.32534235816524E-03	1.14628950869240E-02
-7.35919779555784E-01	6.75735930183086E-01	4.24621092053227E-02	1.22937529565852E-02
-5.48250146098335E-01	6.05155919660440E-01	5.77241795267009E-01	1.11752663912217E-02
-5.09976298686096E-01	-7.99232923830126E-01	3.18042305746227E-01	1.24988927483264E-02
5.76042006255565E-01	8.16242055250149E-01	4.38692861814946E-02	1.11588993619588E-02
-5.96139546111134E-02	3.06297873740927E-01	9.50067254965358E-01	1.15031912989124E-02
4.15153030457027E-02	9.91411464232856E-02	-9.94206976790497E-01	1.20720400922534E-02
-7.76313523658427E-01	5.88370219754719E-01	2.26180895503620E-01	1.18883520618858E-02
-2.60214204230037E-01	9.42187511320045E-01	2.11119069317453E-01	1.05076671787271E-02
1.20094072242821E-01	6.30777843833450E-01	7.66613804689792E-01	1.02848427115466E-02
4.36959221714505E-01	2.20995107822723E-01	8.71910431682679E-01	1.28385635030531E-02
-4.70810688906826E-01	-7.77535821495224E-01	4.16863696551792E-01	1.06870769485129E-02
-7.78466436559699E-01	4.78828461077603E-01	4.05848878293505E-01	1.26726828229934E-02
-7.76195168857664E-01	2.16343473620532E-02	6.30121428659777E-01	1.15435646397981E-02
9.85140199016720E-01	1.71194273679525E-01	-1.38314475249481E-02	1.21684340193693E-02
-8.18478484756490E-01	-1.97827396597481E-01	5.39404570935565E-01	1.33915651188816E-02
2.29720609357265E-01	2.23389385401941E-03	9.73254052832442E-01	1.22058764768636E-02
6.51908674301405E-02	4.20521694616663E-01	-9.04937376374981E-01	1.38922623033169E-02
8.53281542735357E-01	4.11497886966870E-01	-3.20281279267098E-01	1.27785297060491E-02
3.89590488663926E-01	7.73888224832112E-01	4.99315798477080E-01	1.29320820320175E-02
6.35098831818567E-01	5.68602027253481E-01	5.22820436121161E-01	1.23012611152891E-02
5.33173175972528E-01	6.16097302232186E-01	5.79784855446905E-01	1.20209422114283E-02
8.21685653886409E-01	5.52085468126434E-01	-1.41542651101634E-01	1.17037613732378E-02
4.03594017616822E-01	-1.94692505195880E-01	8.93983611351161E-01	1.26565385501216E-02
5.05941933141688E-01	3.17120270095999E-01	-8.02158023448679E-01	1.35726689564856E-02
6.42151838975606E-01	-5.87146915641891E-01	-4.92848369331238E-01	1.26109273157221E-02
7.29437281228583E-01	-5.43523960856775E-01	4.15334752613376E-01	1.19208165487279E-02
-1.20566808040112E-02	-6.25944140363736E-01	7.79774691556665E-01	1.45945040391887E-02
-5.23092229482105E-01	-6.21323417287317E-01	5.83379576764433E-01	1.14954624900644E-02
-6.98333835688127E-01	-4.03026755434416E-01	-5.91522855295646E-01	1.19652734420592E-02
2.99378190883796E-01	-6.91705861488126E-01	6.57202936699246E-01	1.20416139790505E-02
-4.80852557691115E-01	-8.70017982811296E-01	1.08855534296035E-01	1.29053124298155E-02
5.45566307612796E-01	-2.37353754514782E-02	8.37731482009550E-01	1.35722485489047E-02
-4.53031450461324E-01	-5.47323762930333E-01	-7.03703917443045E-01	1.19155070084586E-02
3.50460357750275E-01	-6.03762188620129E-01	7.15994942187568E-01	1.21542628660561E-02
2.20520980869925E-01	9.02617064894513E-01	3.69665972409389E-01	1.28718026641495E-02
-5.13536984669409E-01	-3.47277923401136E-01	7.84651393483019E-01	1.29209624175072E-02
-8.91807683057089E-01	-4.51888224935234E-01	-2.18194547417842E-02	1.25086613797835E-02
-7.98715336620751E-01	3.00976795333296E-01	5.21024740024596E-01	1.03822240940305E-02
-8.50376766625392E-01	3.95494845505748E-01	3.47049250052678E-01	1.24156449283136E-02
-3.80306383979064E-01	5.39250432982236E-01	7.51382741905374E-01	1.22524078241576E-02
-5.07318903955425E-01	-1.19421057575309E-01	-8.53443695094796E-01	1.10123549471999E-02
-8.26318454616757E-01	-4.05412503683397E-01	3.90945665555883E-01	1.33002699788750E-02
5.72933172463307E-01	3.63667957102629E-01	7.34502006033972E-01	1.28748529870194E-02
5.03681992725296E-01	2.96908895535112E-01	8.11264172730679E-01	1.19262510350820E-02
-4.39708286215584E-01	5.15714437544503E-01	-7.35319822894440E-01	1.28617928846186E-02
1.48456862404602E-02	9.95238615175687E-01	9.63312226810730E-02	1.14798111284008E-02
-8.37359838865102E-01	5.18134592928306E-01	1.74255685321390E-01	1.24863269795468E-02
-1.14614146319628E-01	9.91786916381304E-01	-5.67653940203526E-02	1.18644863410413E-02
-2.85199585293872E-01	-1.43352683043805E-01	9.47687292735501E-01	1.49943209258943E-02
4.04111895993103E-02	5.69217246855303E-01	8.21193437405363E-01	1.39842684503118E-02
-4.23099468209778E-01	-4.26183365187910E-01	7.99596510271093E-01	1.27428920522396E-02
-4.26505907951559E-01	-3.06641422636180E-01	8.50919354819289E-01	1.18627637797395E-02
-7.73900668507035E-02	-1.04755162131812E-01	9.91482291097315E-01	1.46861733183405E-02
-2.28423249033466E-01	9.69319678171225E-01	-9.07864572005414E-02	1.31445426005951E-02
8.93192326067113E-01	-4.45087429718994E-01	-6.40675312538161E-02	1.20528104806653E-02
-6.43859737734850E-01	-7.02752162652729E-01	3.02628544606950E-01	1.37851544431699E-02
3.47433651821867E-01	9.13077676519387E-01	2.13492421935016E-01	1.20132290616599E-02
-1.86551466639698E-01	4.55927907588054E-01	8.70246110808290E-01	1.33736657754787E-02
3.50115482098487E-01	8.43354231911420E-01	-4.07642967205421E-01	1.17632419856263E-02
9.10094824685147E-01	3.40420128687806E-01	2.36308159117470E-01	1.21808693466503E-02
-9.55745353539608E-01	-3.03521553757567E-02	2.92625299404365E-01	1.13611087504128E-02
5.64734712347660E-01	6.67823765984458E-01	4.84856805929277E-01	1.18880522409546E-02
5.30892218237026E-01	-8.45683749067292E-01	-5.45201722196379E-02	1.40741848380994E-02
3.41168705485778E-01	2.09226720702077E-01	9.16421351639851E-01	1.10776480767295E-02
6.92543331421848E-01	-4.90895580307349E-01	-5.28587990156641E-01	1.16703334668172E-02
9.73587704561314E-01	-5.39907991044566E-02	2.21837722534044E-01	1.30817554478735E-02
7.59553151731890E-01	-6.45038738062284E-01	-8.36901194476813E-02	1.11069045222746E-02
-5.96103019290013E-01	-5.44431599644566E-01	5.90131700302388E-01	9.98249258201710E-03
5.51776354979568E-01	5.58063644040943E-01	-6.19764328826049E-01	1.19516922825903E-02
7.55570521936579E-01	2.40150718368364E-01	6.09459448074802E-01	1.24422316960322E-02
3.95313547896711E-02	-5.24247845666827E-01	-8.50647675775454E-01	1.34018788035876E-02
4.35790536713653E-01	-8.67007466662676E-01	-2.41629180485291E-01	1.29789069379453E-02
3.46029814370832E-01	-5.89084487776011E-01	-7.30234779935988E-01	1.23647996830566E-02
-4.16171293777744E-01	7.41326257052443E-01	5.26532843078162E-01	9.47561559354852E-03
-2.90387064988391E-01	8.63880206783365E-01	4.11565718707666E-01	1.08857033455192E-02
3.37060274285737E-01	-8.56844325576599E-01	3.90138658973453E-01	1.30127980188716E-02
-8.36583452721852E-01	-4.46936317224748E-01	-3.16821803191577E-01	1.43622115962329E-02
1.21512082870142E-01	2.06899374568444E-01	9.70787032525541E-01	1.30194585760001E-02
-2.95698078723519E-01	-7.91408090087107E-01	5.35010169234096E-01	1.24186558853986E-02
-5.81773597845666E-01	-8.03408475357516E-01	1.26784472919281E-01	1.33214773304773E-02
-1.06303590423204E-01	-9.64488102345650E-01	-2.41789675331313E-01	1.38230337570219E-02
-1.95548798283004E-01	-9.30849656474340E-01	-3.08673912943213E-01	1.29208842817095E-02
1.10039604603617E-01	7.18309946210759E-01	6.86965870035313E-01	1.65620002398352E-02
4.56292750844942E-01	-7.02659149128649E-01	5.45955168188887E-01	1.17189270459642E-02
1.99743235066286E-01	5.69536596402554E-01	7.97327226051793E-01	1.32528379703655E-02
-9.23749185476972E-01	-3.68628842539504E-01	-1.03924101047900E-01	1.18197903468061E-02
-7.91347320350704E-01	3.74892208531914E-01	-4.82934002277561E-01	1.15532337072820E-02
-3.19095402781564E-01	-9.10163565175692E-01	-2.64159816305098E-01	1.30426118390502E-02
1.52943009386192E-01	-9.86421015775272E-01	-5.98499416605763E-02	1.28128341433927E-02
-7.92114613797438E-01	-5.56259209637559E-01	2.51257100003031E-01	1.21685034383506E-02
-1.92659048664435E-01	-6.22654656177231E-02	9.79288263362286E-01	1.22625513885578E-02
6.43255415594695E-01	-3.05019565107532E-01	7.02271696147372E-01	1.39873918170498E-02
-3.53148741104010E-01	-8.24392340814326E-01	-4.42338371683181E-01	1.23340560099076E-02
-5.61485279157209E-01	4.63011318592512E-01	-6.85824175824222E-01	1.37957617169269E-02
-3.08469226263942E-01	9.10496542851601E-01	-2.75395682434213E-01	1.28536393705749E-02
-9.15512834920084E-01	4.01518247124729E-01	2.48866695737827E-02	1.29259896751400E-02
-3.76698479963900E-02	8.20102129359453E-01	-5.70975901393411E-01	1.21469778812440E-02
-4.12062356106199E-01	8.76744645186505E-01	-2.48039194114551E-01	1.22499148096603E-02
7.21067515540575E-01	5.29533390928115E-01	-4.46828855295082E-01	1.28705463653532E-02
-7.64994509130480E-02	6.90886516710428E-01	7.18904482555042E-01	1.04562865256840E-02
-3.38783105771810E-01	8.03667329348994E-01	4.89228812500511E-01	1.31125365678866E-02
-4.87359342014134E-01	8.12040495449658E-01	-3.21046889879692E-01	1.15138251619362E-02
4.33938459580132E-01	8.43972006496677E-01	-3.15291397832534E-01	1.42329896143647E-02
4.75174885464979E-01	4.11592834536019E-01	7.77688991038158E-01	1.24226446440964E-02
-2.43544391127336E-01	-8.60701050725012E-01	4.47079222097464E-01	1.20795608267813E-02
9.57487911353407E-01	4.86372896610797E-02	2.84343654169586E-01	1.19160271264872E-02
7.77397485693571E-01	6.13482990276392E-01	1.38894815881834E-01	9.78110330163924E-03
-8.52914629654542E-01	2.13904339542392E-04	5.22050369951203E-01	1.31924039155889E-02
9.22442768292986E-01	3.67482105918556E-01	-1.18559019284209E-01	1.11603341120550E-02
6.03730491178714E-02	-7.21435525998378E-01	6.89844820787728E-01	1.15694688162277E-02
-1.13456002305293E-01	-2.56197667739228E-01	9.59942962152377E-01	1.34127276058435E-02
4.02224888482588E-01	3.39340833698240E-01	8.50331075328987E-01	1.40635809640923E-02
8.21036918956698E-01	1.56033127487168E-01	5.49137542731021E-01	1.46943081889710E-02
-9.79537559975838E-02	8.75439657165072E-01	4.73297441730532E-01	1.26268332200768E-02
8.42395964468276E-01	-6.87269625041217E-02	5.34458271217239E-01	1.29375567757232E-02
8.32581180887188E-01	4.97400303398577E-01	-2.43724261023596E-01	1.30076886686213E-02
4.10906576929026E-01	-8.97616483452201E-02	9.07247833572954E-01	1.07184414861774E-02
8.70314327282960E-01	-3.63145423583202E-01	3.32683593007808E-01	1.23257988862934E-02
8.04812724957658E-01	1.70752655049957E-01	-5.68436459544616E-01	1.29020252892214E-02
4.43145508857489E-01	-8.87501372685213E-01	-1.26346236435037E-01	1.22877098954152E-02
6.93835716611305E-01	8.35348363618862E-02	-7.15271926940006E-01	1.17804643406593E-02
4.93555474402835E-01	-8.27981512095666E-01	2.66175899199693E-01	1.30273622621745E-02
6.85450183207344E-01	-7.21783150864258E-01	-9.58495147065468E-02	1.18773384022123E-02
7.95347813982191E-01	-1.83760910850680E-01	5.77627719588557E-01	1.24228970229485E-02
8.59577021611400E-01	-1.72984584268274E-01	4.80836435311641E-01	1.16141362562131E-02
-4.46893678138644E-01	-8.85045212037584E-01	-1.30311216282640E-01	1.25196652853903E-02
-7.96233549936181E-01	-5.91846211506584E-01	1.25420077664343E-01	1.17811027068746E-02
-2.77967649208331E-01	3.94006647231730E-01	8.76066634412477E-01	1.22470742532927E-02
-3.09225160141950E-01	-8.78972947162070E-01	3.63023908981775E-01	9.38617790092667E-03
-8.70955465240324E-01	-1.03448722766022E-01	4.80348768423620E-01	1.14320080221545E-02
-4.06577084437246E-01	-8.56487061484000E-01	3.18001553331128E-01	1.43239397002926E-02
-2.72696881246505E-01	-9.61212219251628E-01	4.13216713092412E-02	1.28749544242846E-02
-4.83015042658462E-02	-6.03490735066919E-01	-7.95905708846246E-01	1.22398622474917E-02
-6.95295153985508E-01	-6.69254630154948E-01	-2.62036044964104E-01	1.27389292159434E-02
-8.05769678436404E-01	-8.46612129260014E-02	5.86146487098909E-01	1.26763834334297E-02
-9.36817853928859E-01	-2.85180274047691E-01	-2.02594471430513E-01	1.25129005740138E-02
-6.57743342553985E-01	-7.30310305655649E-01	1.84446612273206E-01	1.18478945823131E-02
6.00346510382948E-01	1.10610668074284E-01	7.92053879214777E-01	1.39240752360195E-02
-6.71279686449031E-01	7.40482401957574E-01	-3.27016047317539E-02	1.13235592901074E-02
-7.54195517819065E-01	-2.92748121171618E-01	5.87781982075088E-01	1.21068146036293E-02
-6.03124816215064E-01	-3.19572552039288E-02	-7.97006392637710E-01	1.47873367936589E-02
-8.90489842925407E-01	-4.79610969377877E-02	-4.52468311406673E-01	1.12254364180463E-02
3.75838294268330E-01	-3.07808279892747E-01	8.74070729055114E-01	1.19528077389238E-02
-6.93170137813242E-01	-3.32332597656007E-02	-7.20007437801389E-01	9.47986472499884E-03
-3.03515817123695E-01	-1.59452755551287E-02	-9.52692970973968E-01	1.26454853053634E-02
2.24885286670970E-01	9.58932152604734E-01	1.72845985026456E-01	1.20922343300459E-02
-7.49271719712993E-01	5.67819898644530E-01	3.40840802636140E-01	1.30749519670171E-02
-8.73806009944170E-01	6.05418780740687E-02	-4.82491179178141E-01	1.30854485332878E-02
-1.99522943227143E-01	9.79722856787988E-01	1.82679778071091E-02	1.23238675229567E-02
-5.36210227829137E-01	1.98354475793011E-01	-8.20447495885205E-01	1.31401070742760E-02
-4.58981110876734E-01	3.59728964691224E-01	8.12361626260459E-01	1.25378163539421E-02
-7.62929450396713E-02	9.23831235385275E-01	3.75120294124017E-01	1.26735239115479E-02
4.13763164801444E-01	8.24999728756261E-01	3.84935697234729E-01	1.19942268787354E-02
-3.55235641691077E-02	6.79709206735304E-01	-7.32620959752030E-01	1.16217211813701E-02
4.64888647651811E-02	2.94774340940657E-01	9.54435368883533E-01	1.18318227324296E-02
-3.82480923166170E-01	4.37200521550756E-01	8.13980372840586E-01	1.30305111264952E-02
2.48655104135364E-01	9.34626949235701E-01	-2.54250083480412E-01	1.21363424657614E-02
2.56186009580099E-01	8.34188761154610E-01	-4.88362405656660E-01	1.21211412148600E-02
6.08060568834112E-01	7.54017856118254E-01	-2.48433929413773E-01	1.25753984000585E-02
3.57769261588800E-01	7.83791318162408E-01	-5.07614346758874E-01	1.27503307034042E-02
-6.15974130466534E-01	2.42366255653261E-01	7.49556181160968E-01	1.30475920797790E-02
7.46126930342278E-01	-3.79800946817631E-01	-5.46850843113951E-01	1.26110023449455E-02
5.53875790951334E-02	9.11524593893365E-01	-4.07498626757827E-01	1.23364945403871E-02
7.94540725997573E-01	4.70318450940071E-01	3.84064564151109E-01	1.29281605954301E-02
-4.78375755886603E-01	-1.16435237406010E-01	8.70401902381955E-01	1.19616460749585E-02
4.66220230591873E-01	-1.98117010095297E-01	-8.62199714044118E-01	1.19149521471207E-02
9.07915533735680E-01	-3.51953091251660E-01	2.27636563758667E-01	1.28234731088195E-02
9.97129043646815E-01	5.74279413713835E-02	4.93528303730623E-02	1.27901065752304E-02
9.09977291252297E-01	2.88712304481293E-01	-2.97634901592928E-01	1.45627086535461E-02
5.55575540269821E-01	-2.31533035714428E-01	-7.98578908077816E-01	1.27799777946835E-02
9.23716805115270E-01	3.83003024667407E-01	-7.47977561523189E-03	1.38161624032395E-02
-5.44986599180797E-01	1.66334631632529E-01	8.21780017421340E-01	1.42758915623948E-02
7.97179181419191E-01	-4.90970424362144E-01	-3.51359353246050E-01	1.19001693135709E-02
-4.17654301215840E-02	1.01626711008101E-01	9.93945501753710E-01	1.15966943276322E-02
-7.45575370415404E-02	-5.00274725309501E-01	-8.62650782696452E-01	1.13715218103822E-02
1.02029073717022E-01	-8.57474760021629E-01	-5.04308540520875E-01	1.21981317656046E-02
-4.17660067068906E-01	-2.83166487634070E-01	-8.63352076882299E-01	9.79944575316439E-03
4.78635762615489E-01	-2.69644924055865E-01	8.35583282310264E-01	1.22307999452057E-02
2.03128287970821E-01	-9.54704547682067E-01	2.17435335815549E-01	1.21538174235716E-02
7.75812755923969E-01	7.45560925719473E-02	-6.26542861108526E-01	1.24934904111563E-02
-6.33748898253645E-01	-2.36871887340832E-01	-7.36379007678710E-01	1.05882296342159E-02
-4.36172587175208E-01	-6.85483323674955E-01	5.82980348862996E-01	9.97129206577306E-03
-7.09803270734777E-01	-7.04080803047467E-01	-2.12023497340444E-02	1.26856735983718E-02
-3.93207762311032E-01	4.10266728766681E-02	-9.18533868603124E-01	1.17474903448928E-02
-6.03062153066133E-01	-6.62037520300261E-01	-4.44997035106887E-01	1.32146202735856E-02
8.21800024745419E-02	-7.98671910459941E-01	-5.96128867473763E-01	1.21072423726944E-02
-9.22529908635072E-01	-1.12256310741016E-01	3.69238525038464E-01	1.30146374670929E-02
-3.17581020292815E-01	-2.68422367405064E-01	-9.09445835784866E-01	1.42570652690770E-02
-6.99742747557076E-01	1.65367857496227E-01	-6.94991768978871E-01	1.19047776708582E-02
-9.34086013875267E-01	3.50578899880983E-01	-6.76590987292394E-02	1.11505677206027E-02
1.19593134094595E-01	-9.08948215303044E-01	-3.99387811750487E-01	1.27087711537722E-02
-9.61247597270899E-01	-2.60244391804998E-01	-9.09720466680203E-02	1.21712887913114E-02
-9.37201876021893E-01	3.06256630359476E-01	-1.66911713015899E-01	9.62211117977687E-03
-3.74796106342500E-01	4.57696446769397E-01	-8.06251723275782E-01	1.18225127295885E-02
5.69638491173736E-01	-2.36887930326498E-01	7.87017215719540E-01	1.25283747411400E-02
-7.24597680365402E-01	3.74498496279484E-01	-5.78540472130933E-01	1.26911526588976E-02
-7.90997768142588E-01	3.92482723361568E-01	4.69339794451876E-01	1.14255977538508E-02
-9.57476136179213E-01	2.87760806028998E-01	2.08126682783421E-02	1.29664057625877E-02
5.05952478217997E-01	8.85674812258193E-02	8.58002267511211E-01	1.16644796888876E-02
-7.82149698820412E-02	9.80999313240139E-01	1.77546517591099E-01	1.40505057044185E-02
-2.31640401653728E-02	8.30602132837117E-01	5.56384331348078E-01	1.40804823004657E-02
-1.44772022873817E-01	8.24885253971939E-01	-5.46447965658828E-01	1.25744270780179E-02
-4.53912858451846E-01	8.77309074942164E-01	1.55858602445286E-01	1.28748864949534E-02
-5.58557913444454E-01	8.20419238837286E-01	1.22169267306567E-01	1.30749184801079E-02
-2.45205644795464E-01	1.73900099116517E-01	9.53746794116607E-01	1.13461389474558E-02
3.04563353103085E-01	9.52218865636641E-01	-2.28121869243715E-02	1.26925268737640E-02
-4.38958847522127E-01	8.86108405575378E-01	-1.48751550414461E-01	9.43650752013338E-03
5.01913462512136E-01	5.55138835698565E-01	6.63252402369052E-01	1.03472915302532E-02
8.57163591273534E-01	4.03890789481072E-01	3.19597884798089E-01	1.19416218212815E-02
1.75668194246862E-01	7.95713401096573E-01	5.79638567424020E-01	1.17697028159437E-02
5.21720763763295E-01	1.00860914566270E-01	-8.47133118565847E-01	1.03698096253917E-02
-6.32037417275299E-01	6.92030858005433E-01	-3.48743451167519E-01	1.14003494334716E-02
9.18430720768323E-01	4.68259704285692E-02	3.92800636000503E-01	1.32615175785775E-02
3.13095393826675E-01	5.69648125514918E-01	7.59915973948342E-01	1.26111218236752E-02
8.65099606630507E-02	3.95064598160933E-01	9.14570932178591E-01	1.31555278481247E-02
7.24795815855400E-01	3.54465756068731E-01	5.90783423170560E-01	1.26298116930525E-02
8.93999201107195E-01	-1.42283666673528E-01	-4.24877378331244E-01	1.13137495324037E-02
4.98458469447986E-01	8.65099655363265E-01	-5.60512312614995E-02	1.42438018444698E-02
4.00093627178579E-01	9.16428984305143E-01	9.11077474919706E-03	1.14623707317542E-02
2.61246867817999E-01	4.91089216525372E-01	8.31012307651204E-01	1.11647636506460E-02
8.87572379519487E-01	2.94755555501871E-01	3.54026035221844E-01	1.25535094310809E-02
6.55998909820808E-01	-7.49135458006941E-01	9.19863895945495E-02	1.36077161586297E-02
6.49688246017579E-01	-1.98838727407699E-01	7.33735881274377E-01	1.02118959079022E-02
8.19524436840177E-01	-3.67175693217556E-01	4.39956483907211E-01	1.17602167713379E-02
5.66771984432032E-01	-8.21294541487228E-01	6.51520819794768E-02	1.28245819407941E-02
9.94810127734617E-01	7.04827352310858E-02	-7.33825169299770E-02	1.21215990502620E-02
-6.18288255055978E-01	-7.57666086311425E-01	-2.08953907150263E-01	1.32011141355082E-02
8.27683257107628E-01	-5.58948006415407E-01	-5.01752132825472E-02	1.27869982733631E-02
2.87014845869206E-02	-9.74237885796087E-01	-2.23688995397799E-01	1.35766433465243E-02
-9.38506296923677E-02	-9.33521571808914E-01	3.46019557646327E-01	1.20886215343776E-02
-2.05869086090316E-01	-9.15235712474894E-01	3.46354601532749E-01	1.31787766471397E-02
5.53807344680563E-01	-6.59140365876734E-01	5.08754757274807E-01	1.26091480245648E-02
3.63014879957711E-01	-4.94744506268621E-01	-7.89587278548930E-01	1.14927064336044E-02
5.95958662613580E-02	-8.46552556482359E-01	5.28958506725943E-01	1.24786711302238E-02
3.12566159726758E-01	4.01189908853473E-01	8.61016290686656E-01	9.63868017554314E-03
3.65701228577703E-01	-9.28262991363600E-01	6.77527141999382E-02	1.35363043312702E-02
-1.25821358401623E-01	-8.86755289055091E-01	4.44785389938552E-01	1.20921040309388E-02
-9.67253694186389E-01	-1.96899324092057E-01	1.60159131038082E-01	1.17291680811782E-02
-3.74463565744955E-01	-8.61761378444357E-01	-3.42263589286464E-01	8.93946076450715E-03
1.46005116445628E-01	-4.82504511733090E-01	-8.63638756731603E-01	1.20969358116184E-02
-9.86755523641115E-01	1.93589662668709E-02	-1.61055167532202E-01	1.39591887197485E-02
-3.26214453741470E-01	-5.87678330740189E-01	7.40417658992934E-01	1.04206316494309E-02
-7.68903604834808E-01	-6.09585968460103E-01	-1.92852776823653E-01	1.27892012060882E-02
7.56999914510873E-01	1.26263752240018E-01	6.41099519810147E-01	1.18443478235233E-02
-8.50619702398209E-01	-4.97599774573933E-01	1.69825163730092E-01	1.27447435358567E-02
-8.98984163392052E-01	-3.18548988073034E-01	-3.00589447865251E-01	1.12478450878725E-02
-9.49194807090604E-02	9.93331719959606E-01	6.54399442543552E-02	1.20344218229664E-02
-5.68110909102535E-01	5.20759696715041E-01	6.37227850329808E-01	1.19590836609876E-02
6.26941169381052E-02	9.76144192732780E-01	-2.07874872688882E-01	1.17583059637759E-02
4.18764859372748E-01	-8.88894465805696E-01	1.85748812148363E-01	1.18012322224055E-02
-7.79291416953828E-01	-5.07889549189131E-01	3.67087310168241E-01	1.25667015105102E-02
-6.07047232727097E-01	6.37663003798495E-01	4.74214667450358E-01	1.30407032157080E-02
-9.03000464274601E-01	-4.21631225973674E-01	8.25667657341019E-02	1.18938504799623E-02
-8.49721038509529E-01	-3.48161609431705E-01	-3.95926319448722E-01	1.16706021880809E-02
1.05925819348317E-01	9.94252843479039E-01	1.55243044685588E-02	1.26834099630009E-02
7.10861374647110E-01	7.01342741130547E-01	-5.28627042281189E-02	1.14031172485461E-02
-7.49501102123622E-02	6.06652011586681E-01	7.91426444982088E-01	1.37602170843599E-02
-6.20265899282131E-02	4.34982609696239E-01	-8.98299967384907E-01	1.34374896616260E-02
6.21368958128976E-01	7.68240087109324E-01	1.53973330261990E-01	1.27206068248440E-02
4.21055383700034E-01	8.96145363618593E-01	1.40127981224716E-01	1.16412396586947E-02
2.19683224611903E-01	6.56344013276674E-01	7.21769919752814E-01	1.08379046954757E-02
2.77675172754081E-01	4.05630097673198E-01	-8.70839090933349E-01	1.18811644149370E-02
-7.21120692700850E-01	6.75768072604075E-01	1.52716923121238E-01	1.27905416507018E-02
-1.39065501187236E-01	7.45816092119797E-01	6.51474591303986E-01	1.33254745201114E-02
6.21827555208418E-01	6.98740494989972E-01	-3.53683774358805E-01	1.30036494543997E-02
4.71552980063502E-01	6.39272843774017E-01	-6.07427376898926E-01	1.25703921127805E-02
7.32581224312984E-01	1.84859459125224E-01	-6.55096733434091E-01	1.17737182752459E-02
-5.84170448923386E-01	5.36789072925339E-01	-6.08771203156492E-01	1.09481514091483E-02
-3.49474178187225E-01	2.02039418352755E-01	9.14903203739086E-01	1.17582446502301E-02
3.72563970417437E-01	6.21716359924748E-01	-6.88959255506968E-01	1.12743242877195E-02
7.36936901194603E-01	-1.32728149378046E-02	-6.75831218605149E-01	1.23409853611909E-02
-5.29593306096888E-02	-9.97733021702544E-01	-4.15226047555353E-02	1.19607212682347E-02
9.52230001893647E-01	-2.53145252532491E-01	1.70808385666176E-01	1.33064515058482E-02
9.90013851712489E-01	-1.21714200509373E-01	-7.11212121083700E-02	9.82908915001766E-03
8.96630482336657E-01	3.81441034383556E-01	-2.24847760569536E-01	1.17525738406922E-02
3.54088634288330E-03	-7.86326382820243E-01	6.17801166885219E-01	1.31107580738136E-02
7.01905721898547E-01	6.15463213690802E-01	-3.58515536845293E-01	1.26244545700637E-02
7.53069019087492E-02	-1.51149723372637E-01	-9.85638184959004E-01	1.21670580099133E-02
8.60611479146214E-01	-4.27332248280671E-01	-2.77010887044446E-01	1.23337462200935E-02
4.48167011545438E-01	-8.14567623989266E-01	3.68274239814452E-01	1.17453263581083E-02
3.75771629279336E-01	-8.80785100856976E-01	2.88120267834662E-01	1.22070455897580E-02
-1.80604256465752E-01	-8.27711313191918E-01	5.31296606953745E-01	1.27178122392875E-02
2.35909231916471E-01	-9.41001087594931E-01	-2.42618604896113E-01	1.36660401230196E-02
2.85691212487341E-01	-8.23669886965856E-01	4.89845331112960E-01	1.22196933142082E-02
-1.55377504020568E-01	-9.79560058783336E-01	-1.27749451978175E-01	1.32271042564490E-02
-5.29177793897613E-01	-8.26879095364807E-01	-1.90372855455636E-01	1.14027614901007E-02
6.96427241358690E-02	-7.28263310666724E-01	-6.81749544416186E-01	1.26054116363137E-02
-7.75498829916692E-01	-5.59736257017356E-01	-2.92056308574289E-01	1.23562938251076E-02
-9.87107348817476E-01	1.11192138950291E-01	1.15132055250443E-01	1.28247159490393E-02
-1.03423403248353E-01	-9.79214289825380E-01	1.74479151368595E-01	1.01477597516762E-02
-1.92685576386147E-01	-9.74125422920669E-01	1.18118284242384E-01	1.25179637532016E-02
1.26342682936535E-01	-7.86853397863015E-01	6.04068917210466E-01	1.18148170588332E-02
3.44468138256001E-01	-9.19172074092004E-01	-1.90956539390108E-01	1.18969459543442E-02
-9.69187989671293E-01	2.24374631907422E-01	-1.01639880132379E-01	1.48854233534708E-02
-9.77372134281452E-01	3.84791125745425E-02	2.07997762068713E-01	1.34617965182019E-02
-8.25346871185030E-01	-3.37101381772735E-02	-5.63618815166021E-01	1.39598056324151E-02
-7.38553125490625E-01	-3.95875174759714E-01	5.45730819028020E-01	1.16586507812287E-02
-5.81170620569925E-01	8.13775789643331E-01	3.11030171201678E-03	1.20528851228496E-02
-8.97793037763923E-01	2.96344636622218E-01	3.25802881644516E-01	1.13647556802647E-02
-3.86715222576256E-01	9.19156881941181E-01	7.48462624849232E-02	1.16642960192928E-02
-6.28140174334780E-01	-7.74012473620119E-01	-7.96530731807355E-02	1.42027276795676E-02
-6.26188863292349E-01	2.66597179468802E-01	-7.32675543052935E-01	1.40833308410526E-02
-6.34630812600588E-01	7.49386336749815E-01	1.88848748978137E-01	1.18086350780495E-02
-2.52529495077949E-01	4.88449566053334E-01	-8.35251983258935E-01	1.28321183810866E-02
-7.36035267624902E-01	6.48911038693587E-01	-1.92786277193028E-01	1.09580066057726E-02
3.32163378121742E-01	8.90231619183672E-01	-3.11697215965060E-01	9.78937411332027E-03
-1.52459341655138E-01	8.99902475471051E-01	-4.08572739892367E-01	1.18954227416709E-02
5.28858631916489E-01	7.74895216853947E-01	-3.46187738581673E-01	1.13018701244993E-02
-4.94928076363070E-01	7.09730913384696E-01	-5.01326470290243E-01	1.16513010267116E-02
-2.59261212105692E-01	6.95181862415194E-01	6.70451938670050E-01	1.23830743743446E-02
7.68277193577961E-01	4.13737574250809E-01	4.88437686384893E-01	1.23241767316078E-02
-6.52560251526601E-01	3.64325337791016E-01	-6.64403617066464E-01	1.21749452017139E-02
1.18138679048265E-01	9.82755524927512E-01	1.42249185365613E-01	1.28743508655766E-02
4.60378432523331E-01	5.51833198152173E-01	-6.95364523314573E-01	1.25661530746967E-02
3.37350948665882E-01	1.91808457235045E-01	-9.21631083008456E-01	1.21626949357559E-02
1.99650671865075E-01	3.49367048373478E-01	-9.15468336281833E-01	1.10911783930042E-02
-2.58016847915324E-01	7.88596526201247E-01	-5.58160214504012E-01	1.36431309744197E-02
8.86782923945580E-01	4.56480599685363E-01	7.23982590220048E-02	1.16772640640516E-02
2.89225551648992E-01	-3.34134074363187E-01	-8.97052395695364E-01	9.71893473590734E-03
-3.32003987623540E-01	8.26372965298618E-01	-4.54841812530066E-01	1.23452149516823E-02
7.61836433762487E-01	5.94740359487967E-01	-2.56688825210950E-01	1.18406682970755E-02
1.68827503979849E-01	9.67423440678274E-01	-1.88650895375939E-01	1.32012650596832E-02
9.93318601273502E-01	-4.83146130235766E-02	1.04803886055978E-01	1.20199696098868E-02
-2.12069131796638E-02	2.06030611880177E-01	9.78315722965582E-01	1.28173522334658E-02
9.16147196523021E-01	-3.99656599503022E-01	3.08044928003741E-02	1.22420123356495E-02
4.64657293002863E-01	-7.96618086623987E-02	-8.81899992232614E-01	1.33871708827653E-02
-1.42779340631559E-02	-8.95961752933377E-01	4.43901653386690E-01	1.32187127711951E-02
8.11260939192306E-01	-5.28065219786466E-01	-2.51003609919633E-01	1.10022995163348E-02
7.97388814351577E-01	2.97931629041392E-01	5.24793124158202E-01	1.22857934177653E-02
2.52167865710106E-01	-9.59562284926018E-01	-1.25106310195643E-01	1.17635138367711E-02
-1.15641304680202E-01	2.06182722554353E-02	9.93077023951848E-01	1.14380969738208E-02
-6.77413208945495E-01	-3.72741690082034E-01	6.34172671140088E-01	1.06545585126836E-02
1.40310751171500E-01	-6.61936027294862E-01	-7.36310796386135E-01	9.94171747496761E-03
7.27875701387356E-01	-6.85557333491108E-01	1.44258735064590E-02	1.36152881008064E-02
5.87066419162024E-01	-4.96008868660086E-01	6.39787637972803E-01	1.34284590633921E-02
2.23785279861096E-01	-9.09784828509014E-01	-3.49587920747148E-01	1.15585787845890E-02
-1.64191480650204E-01	-9.86422826101166E-01	-3.34153085882947E-03	1.24092871335834E-02
-5.15744425956821E-01	-6.97047576327863E-01	4.98128862273529E-01	1.41205352406125E-02
-1.20004087655292E-01	-1.61300058297508E-01	-9.79582212036968E-01	1.20198563765900E-02
-9.67815428758491E-01	-1.82441224767997E-01	-1.73345018279066E-01	1.29272335875302E-02
-2.48174379494599E-01	-5.71672942906267E-01	-7.82048287327168E-01	1.26272765409327E-02
-6.62941524571873E-01	6.51296416824476E-01	3.69217432456700E-01	1.20297174854701E-02
5.31168796958061E-01	-8.26804912418122E-01	-1.85076594790875E-01	1.15324077220032E-02
-9.11568318205779E-01	-5.27075687986765E-03	4.11114850577548E-01	1.33145986192286E-02
6.88755482948432E-01	4.65173861459127E-01	5.56083773656160E-01	1.23060538894856E-02
-2.25662345643239E-01	-2.05338799112640E-01	-9.52319527962001E-01	1.29069725706961E-02
-8.53238697751296E-01	-1.38728795795206E-01	-5.02730589756465E-01	1.32104157693597E-02
-8.71946960147457E-01	-2.07322667366135E-01	4.43537834108657E-01	1.21924554920519E-02
-7.19264485947158E-01	2.65107224671912E-01	-6.42165678530023E-01	1.21122587749197E-02
-4.10250604616369E-01	-1.81265749086882E-01	-8.93776912668857E-01	1.24824993197733E-02
-8.14548578402329E-02	-9.30876410884170E-01	-3.56137914007526E-01	1.33593566350560E-02
-7.24088395305820E-01	-2.11607740944481E-01	-6.56443569361308E-01	1.23575662949898E-02
-5.76364675465920E-01	-1.45622487881780E-01	8.04113084023749E-01	1.27485538814376E-02
-5.50822739306844E-02	8.81226210025770E-01	-4.69474503953346E-01	1.40782661064013E-02
-5.60394448764821E-01	7.21894702467596E-01	4.05987808120874E-01	1.22760305492940E-02
-6.75544160359903E-01	7.23903608685914E-01	-1.40013044874908E-01	1.18251899632583E-02
-7.95919753651944E-01	4.48023595976224E-01	-4.07169010602673E-01	1.14986351422994E-02
-9.36268799016581E-01	2.69880516879202E-01	2.24867166560757E-01	1.29237555245441E-02
-5.14204177984268E-01	8.54501436431999E-01	-7.36298749093836E-02	1.17008211086182E-02
-2.79875523939783E-01	9.08506201329637E-01	3.10300134136330E-01	1.20882058072148E-02
9.31082663214748E-01	2.40325387307281E-01	2.74460894257334E-01	9.83938349341174E-03
-1.83714875586369E-01	5.56084787485785E-01	8.10566810087344E-01	1.18066945357687E-02
-9.60169445629845E-01	2.74001989741988E-02	-2.78071689992077E-01	1.14476507354939E-02
2.40364871719663E-01	7.31014002854346E-01	6.38626069052974E-01	1.30113454908449E-02
9.79076491827381E-01	6.21640269269013E-02	-1.93764952731959E-01	1.23389808659916E-02
1.47919899638729E-01	9.50546344047725E-01	2.73095864319421E-01	1.36101378632837E-02
4.23419501901872E-01	5.32719043815417E-01	7.32752581548204E-01	1.35312963618630E-02
-1.55476503940905E-01	3.59014493198896E-01	9.20291068301465E-01	1.09713297831416E-02
9.20694821194495E-01	1.71336107888606E-01	-3.50663634212645E-01	1.17902824419126E-02
-1.78632663526212E-01	9.39066838622940E-01	-2.93673022459075E-01	1.46594788537412E-02
3.23875192410749E-01	6.55317061657785E-01	6.82396078858243E-01	1.34344826047706E-02
-1.95199395843374E-02	7.55472955123779E-01	6.54888987565959E-01	1.33846463681210E-02
8.79786665023937E-01	-3.75298184449065E-02	-4.73884940437603E-01	1.31942404790017E-02
4.60748302367497E-01	7.15451859323656E-01	-5.25204378176526E-01	1.14648324715573E-02
7.55784977925464E-01	2.80296856125848E-01	-5.91796197679717E-01	1.21532469523487E-02
5.48069148485522E-01	2.01150080998853E-01	-8.11885985463789E-01	1.42411116711188E-02
5.15843814738396E-01	-8.02991983808077E-01	-2.98511361150806E-01	1.25376373857184E-02
3.00965240797682E-01	-1.18851382431721E-01	9.46199911607299E-01	1.45648291081740E-02
9.46271654879112E-01	-2.77502498448366E-01	-1.66019030617756E-01	1.31370028324853E-02
4.51540641098195E-01	-4.21105104010732E-01	-7.86626684528780E-01	1.31270181167362E-02
2.38972622325913E-01	-4.24486998469797E-01	-8.73328617365066E-01	1.31523885226991E-02
8.81537436998266E-01	-4.49631660750073E-01	1.43955259791568E-01	1.33387177218732E-02
3.78506248748971E-01	-7.26181650735741E-01	-5.73927895987549E-01	1.20251127033316E-02
5.40270999555129E-01	-3.57582985412930E-01	-7.61735948726904E-01	1.13950056172570E-02
2.67215533278557E-01	-3.58931833376372E-01	8.94295140187920E-01	1.29258585448065E-02
-1.58444707732357E-01	2.48371471394919E-01	9.55618588553367E-01	1.28930030681112E-02
-2.24329068584609E-01	-8.39038863033838E-01	-4.95671519563959E-01	1.47024013045128E-02
-1.15539399531793E-01	-7.78033763082191E-01	6.17506364874077E-01	1.24377527149467E-02
-2.54305125965757E-01	-9.63596935155759E-01	-8.25218120618228E-02	1.21766187640670E-02
8.99923200847784E-02	-2.74294483903838E-01	-9.57425672533218E-01	1.21290292362819E-02
-1.87210360175834E-01	-9.52826364488051E-01	2.38902072362959E-01	1.38690902880695E-02
8.55308809137114E-01	-3.58350980890476E-01	-3.74207717060036E-01	1.42709684334835E-02
-6.51819368081175E-01	-7.56633800181209E-01	5.13498180872908E-02	1.15575844350684E-02
-3.57887177726292E-01	-9.32686541799803E-01	-4.48618185613728E-02	1.22302909107539E-02
-9.72070220800213E-01	1.22763446535603E-01	-2.00021553908882E-01	1.10114202293553E-02
-3.11596369668315E-01	9.50192835383589E-01	-6.42479534464996E-03	1.11870930453926E-02
-7.45303603452631E-01	1.31888199526711E-01	6.53550335862605E-01	1.23969176368188E-02
-6.12479606384483E-01	-4.27231298510980E-01	-6.65088076374648E-01	1.17537768749090E-02
-8.51316563591737E-01	3.06698848847695E-01	4.25671146156107E-01	1.27685129217378E-02
-9.65841217348039E-01	2.30998903309683E-01	1.17431893203597E-01	1.23439500253338E-02
-9.89891397452098E-01	1.09216556805741E-01	-9.04807436410084E-02	1.17534276690476E-02
-4.76292025785744E-01	4.66782096190938E-01	7.45157956978589E-01	1.31276592057804E-02
-3.19508149769264E-03	9.99733597071013E-01	-2.28588350900645E-02	1.33541664177022E-02
-9.68753445599262E-01	-8.52110104043331E-02	-2.32928841806739E-01	1.18041899971914E-02
-6.25100738767860E-03	-4.31577834090766E-01	-9.02054043851122E-01	1.19847252609592E-02
-1.35904135130088E-01	8.15784321653922E-01	5.62161904257299E-01	1.10321730389252E-02
-4.93251338827540E-01	5.71962252817174E-01	-6.55410022884256E-01	1.17312013361098E-02
-2.59395989745961E-01	8.88456021284233E-01	-3.78628602653712E-01	1.16009484377271E-02
-5.37133609678580E-01	7.43557231837247E-01	-3.98258871007524E-01	1.23503463545598E-02
-7.92715002131530E-01	5.58348487816599E-01	-2.44642374801515E-01	1.28044590141508E-02
-6.66723849937859E-01	6.51126367024354E-02	-7.42455151821101E-01	1.29197199655192E-02
4.42095426248658E-02	9.40467163435522E-01	3.36997078385618E-01	1.40542686381875E-02
-9.02429245251990E-02	6.07705444695031E-01	-7.89018572063518E-01	1.17992029864849E-02
7.49901853989716E-01	6.13904217650922E-01	2.46513328104575E-01	1.50159806902958E-02
5.58786599260748E-01	-1.15573060827114E-01	-8.21218852741252E-01	1.16619291289293E-02
-9.16213778469275E-02	2.46301513258164E-01	-9.64852883961160E-01	1.24873152726839E-02
8.68981337717426E-01	1.61536076107861E-01	-4.67736604099472E-01	1.27993736742411E-02
4.53210687215819E-01	8.53908017804579E-01	2.55814718345950E-01	1.45844057893160E-02
6.14851311779375E-01	7.86775417722194E-01	-5.42430315455081E-02	1.31420624726158E-02
8.79338164844388E-01	4.35021498636225E-01	1.93702575027789E-01	1.29383716488368E-02
5.60993138071720E-01	8.14464535982383E-01	-1.48102054892713E-01	1.18443157008366E-02
1.62984447248586E-01	8.16804110893097E-01	-5.53414053293923E-01	1.28335546723504E-02
7.81032117525028E-01	-4.35720741589454E-01	-4.47365920408679E-01	1.32143212321667E-02
5.91648656451288E-01	7.16376747016117E-01	3.69805656600855E-01	1.40484919968778E-02
8.98335384070417E-01	-7.20438997038599E-02	4.33362682106471E-01	1.24242248310834E-02
8.54898497690034E-01	-2.39925885794825E-01	-4.59982747473086E-01	1.31713650188244E-02
5.04184118855925E-01	-7.59589894650172E-01	-4.10879016547223E-01	1.22494345254581E-02
9.61369739080505E-01	1.47636727673919E-01	2.32317931770276E-01	1.27687001720468E-02
3.85378279381049E-01	9.16704111887154E-01	-1.05532710713243E-01	1.17748950487667E-02
6.51754609660456E-01	1.84210145991293E-01	-7.35719070637843E-01	1.28588492047824E-02
7.76315678294353E-01	-1.32181593928997E-01	-6.16329452371674E-01	1.22877584597883E-02
9.87225244686648E-02	-3.90466996060352E-01	-9.15308356866765E-01	1.33378846341009E-02
2.42215047780753E-01	-6.24798052659526E-01	-7.42266302630956E-01	1.31270626089651E-02
-4.02950429850648E-01	-6.26632595944520E-01	6.67055125745248E-01	1.38989630401254E-02
9.71904626857488E-01	-2.27549621233726E-01	-6.01877576372028E-02	1.13162662471769E-02
6.91037204411756E-01	-9.98225056742868E-02	7.15893183009651E-01	1.23204404801015E-02
5.90764085037888E-01	-7.28043552604541E-01	-3.47779213496587E-01	1.25268191000274E-02
2.64489387383898E-01	-9.11948638732063E-01	3.13679843592200E-01	1.18444584446625E-02
-3.65867203404406E-01	-8.22681629528192E-01	4.35127712183303E-01	1.31478579343385E-02
-2.99718068849970E-01	-9.41512801712502E-01	1.54021827726845E-01	1.16030521198539E-02
1.88592658885589E-01	-8.05824203479033E-01	-5.61320017549565E-01	1.22256840857955E-02
-1.44043240076462E-01	-5.67284016651087E-01	-8.10826978732505E-01	1.02981653547680E-02
-6.46201232973232E-01	-5.04918137357322E-01	-5.72260116617859E-01	1.31949386370278E-02
-2.63252486305608E-01	-6.58810070977154E-01	-7.04746350705693E-01	1.31556734889091E-02
-7.65731619168961E-01	5.34360866624908E-01	-3.57929534440448E-01	1.07782833263981E-02
-1.34196966786282E-02	-3.34465946630747E-01	-9.42312284906363E-01	1.16001898581439E-02
-8.28481307228760E-01	-2.49697212404333E-01	-5.01268416808829E-01	1.25027188544704E-02
-2.74507426725745E-01	-8.81988584181869E-01	-3.83068936413892E-01	1.28547564831038E-02
-2.68719806184430E-01	1.99694510786682E-01	-9.42290702557268E-01	9.80733157938247E-03
-1.16418376541256E-01	-5.10095709867309E-02	-9.91889502551190E-01	1.06817057905132E-02
-3.11088698951044E-01	-7.14437476591721E-01	-6.26739908914534E-01	1.19650609780745E-02
-2.86713797269971E-01	4.97483965753928E-01	8.18721504708883E-01	1.13032294333544E-02
-8.83690147873609E-01	9.24820940665477E-02	4.58845055359850E-01	1.11143207146197E-02
-4.89302098345521E-01	-6.13367086680852E-01	-6.19971187662227E-01	1.28468282990008E-02
-1.16178163084348E-01	3.43260792063661E-01	-9.32027179353785E-01	1.04361839051588E-02
3.27812413162703E-02	2.24826501158345E-01	-9.73847233704886E-01	1.31282865372844E-02
-8.88517164428599E-01	3.94507073840464E-01	2.34310514500728E-01	1.43484212279305E-02
-1.85755273700993E-01	9.72765979955667E-01	1.38640998745533E-01	1.09890534697953E-02
6.54440109621181E-01	6.22979563642203E-01	4.28491080657680E-01	1.27348354722837E-02
-8.35376094564234E-01	1.76184067007398E-01	-5.20678360567577E-01	1.18343405066507E-02
1.68362446543641E-01	6.59982472737295E-01	-7.32172945603294E-01	1.12024820022109E-02
-2.21892258809093E-01	8.50758002369792E-01	-4.76418562699186E-01	1.09088989018939E-02
5.62328173339565E-01	6.35536929961176E-01	-5.29036705838176E-01	1.25813070375915E-02
-1.62481162610209E-01	9.46818365414779E-01	2.77731623532718E-01	1.52258511604827E-02
8.24918532922410E-01	2.69342782211744E-01	-4.96954605282589E-01	1.19314015934458E-02
-2.12088557929798E-01	5.84699209767813E-01	-7.83035936398932E-01	1.27033971609629E-02
6.89406009470002E-01	6.80393517496572E-01	-2.48563906179656E-01	1.16331567469900E-02
6.63123365432697E-01	7.46979105612561E-01	4.78499529306968E-02	1.22779945256588E-02
6.60500625579391E-01	7.36405514038887E-01	-1.46443991008011E-01	1.21895750054395E-02
9.82542384749551E-01	1.54653265609222E-01	1.03406139116918E-01	1.20770805417293E-02
8.32426687673057E-01	5.27972540276534E-01	1.68258153929028E-01	1.21396601114742E-02
3.61843082417060E-01	9.07643379141117E-01	-2.12727713305561E-01	1.31828237241008E-02
6.40856120520762E-01	5.50247159075069E-01	-5.35286368891356E-01	1.27935374463404E-02
4.45301990695648E-01	3.61129682772673E-02	-8.94651882356873E-01	1.17282485356724E-02
-5.06884215214838E-02	9.67303429537241E-01	-2.48505048498317E-01	1.21737510788761E-02
5.10093580661397E-01	7.91285177271546E-01	3.37153239934561E-01	1.17731541070815E-02
9.40289016427792E-01	-3.34038970984880E-01	-6.53799009529438E-02	1.17550169798750E-02
9.16904690468102E-01	-2.60867105489132E-01	3.02049899637982E-01	1.13609349493047E-02
7.00583689213614E-01	-3.22038437371711E-01	-6.36768199004181E-01	1.20813569769713E-02
4.42278487980088E-01	-5.34224693766446E-01	-7.20412184544510E-01	1.18201948598375E-02
3.78917042949165E-01	-2.72087237594156E-01	-8.84528354379350E-01	1.32030443726119E-02
9.04702461616981E-01	-3.25093072898045E-01	-2.75368752580755E-01	1.21833077720036E-02
8.12784342634119E-01	-3.34958507269125E-01	-4.76638658500190E-01	9.60940889010496E-03
1.18794051812880E-01	-9.83409315962501E-01	1.37091540701980E-01	1.32126252816724E-02
4.70291557713491E-02	-9.93944777153055E-01	-9.93077966606651E-02	1.28191624519996E-02
9.57476458214886E-01	2.81751365221023E-01	-6.20886475965323E-02	1.21344258214595E-02
-1.23325462581708E-01	-8.07259500110364E-01	-5.77168025587499E-01	1.18466532953104E-02
6.83673277949254E-01	-7.03455298583289E-01	1.94271696119676E-01	1.00759858677005E-02
-8.76930665509470E-01	-4.63366553870301E-01	-1.27608952050701E-01	9.96244172721998E-03
-9.00345166862982E-01	-3.90501356560996E-01	1.92060592080962E-01	1.26807305430334E-02
4.45911295742755E-03	-9.88140656820536E-01	1.53486672548175E-01	1.09881641235479E-02
-4.33286337458107E-01	-8.65934269772734E-01	-2.49841530185236E-01	1.39462155319663E-02
-1.47585102073177E-01	-7.31334998991188E-01	-6.65858661351347E-01	1.43162563860856E-02
-5.52056703240891E-01	-5.22405476172341E-01	-6.49866074566096E-01	1.25148874780714E-02
-9.38625326870744E-01	-6.31223739422930E-02	-3.39113641224705E-01	1.31065901277296E-02
-1.91234886491515E-01	-4.82547699930413E-01	-8.54737933802194E-01	1.22663807422211E-02
-5.03260051555419E-01	7.93853970925518E-01	3.41357866987451E-01	1.17500333315529E-02
-8.85149542080289E-01	-2.50935567481124E-01	-3.91843883616906E-01	1.30181593181689E-02
-7.31352225526393E-01	-6.46861693046298E-01	2.16087649547278E-01	1.26084087867428E-02
-6.23887530907885E-01	-7.05370499123665E-01	-3.36477053814511E-01	1.25681661832448E-02
-1.15725976482711E-02	7.53026241035409E-01	-6.57888710418222E-01	1.07313999625366E-02
-5.65066322746483E-01	8.17498429934579E-02	-8.20985392116273E-01	1.14391709196436E-02
-1.36147241007460E-01	5.16444300154360E-01	-8.45428420154024E-01	1.12997009703520E-02
-1.69239586450677E-01	1.56474163554814E-01	-9.73074405437644E-01	1.35874353213850E-02
2.70672846881373E-01	9.53034065969425E-01	-1.35875969409298E-01	1.19163728787130E-02
-4.80817603082731E-01	4.15062925511667E-01	-7.72358207330945E-01	1.25436299502095E-02
-7.29776802241616E-01	-6.70005278258450E-02	6.80394553315250E-01	1.27509471182701E-02
-8.07059956836812E-01	5.75781661949732E-01	-1.30880494470977E-01	1.15353164484032E-02
-7.70752135333444E-01	1.68499287279770E-01	-6.14450271433860E-01	1.27116996247250E-02
7.47210708562446E-01	6.63171493285939E-01	4.33558243204238E-02	1.31756951031554E-02
-8.90177504833685E-01	4.36806913414909E-01	1.29552036962039E-01	1.04281079431324E-02
-3.25781415908284E-01	5.54867876090039E-01	-7.65498601652623E-01	1.20101913658351E-02
4.35981153891175E-01	1.48655976323147E-01	-8.87593281945695E-01	1.24745286817167E-02
6.36946054555737E-01	6.28584559382187E-01	-4.46297182706971E-01	1.12694762389250E-02
-7.94680286202677E-01	5.98865491484735E-01	9.92137381090831E-02	1.23529232561866E-02
9.20868579940103E-01	1.65227846116974E-01	3.53130028950586E-01	1.36105245532194E-02
3.10277604467588E-01	3.00387899236873E-01	-9.01939531320095E-01	1.32863722084157E-02
4.93470756202166E-01	7.52999727848552E-01	4.35290733456696E-01	1.12946100180351E-02
7.46199245502841E-01	-6.23872905779930E-01	2.32312899867172E-01	1.29754821192524E-02
8.09088489751303E-01	-4.62413741080530E-01	3.62697322587115E-01	1.25536895223374E-02
6.84909907210242E-01	9.19944711384072E-02	7.22796953704995E-01	1.03454692853579E-02
9.07407247560957E-01	6.41175738432194E-02	-4.15332425652400E-01	1.22819930716379E-02
2.71630648626013E-01	7.65105037599377E-01	-5.83807393039061E-01	1.17965509688207E-02
9.66172524688346E-01	-3.25078493303918E-02	-2.55839583077479E-01	1.13292863078659E-02
5.46399804889015E-01	-7.66714445574131E-01	3.37040371714128E-01	1.16064737168349E-02
1.44329064914213E-01	-9.75019040010586E-01	-1.68840139296976E-01	1.13603923848731E-02
6.00224376982070E-01	2.46779648899900E-01	7.60809110201321E-01	1.21592470663157E-02
5.99468936920076E-01	-7.73740281747983E-01	2.04848651614953E-01	1.36613858370608E-02
5.44977849914207E-01	-6.23339786088704E-01	-5.60755431700643E-01	1.19371481723194E-02
-4.60829019209231E-01	-8.06464026454464E-01	-3.70475895423050E-01	1.32050632283302E-02
5.37906654688753E-01	-4.70429189408321E-01	-6.99537567678951E-01	1.31083144676552E-02
8.02126273610925E-01	-5.94428403934534E-01	5.69939801987223E-02	1.29355201982618E-02
3.16446586597018E-01	-6.74242505651529E-01	-6.67277005001552E-01	1.14403634574188E-02
6.06342601073361E-01	-7.86184825785760E-01	-1.19423908108068E-01	1.12740016003034E-02
-9.03938522075895E-01	-1.47569562261543E-01	-4.01395531366732E-01	1.03987591710681E-02
-1.48933616893739E-02	-8.42198647154201E-01	-5.38961618771895E-01	1.19876749502373E-02
-7.25290294216905E-01	-6.07600360954078E-01	3.23690887241558E-01	1.22004858731280E-02
-6.69919971908645E-01	-5.72166745148551E-01	-4.73109339354056E-01	1.22024417736185E-02
-7.87253470886021E-01	2.83242608075363E-01	-5.47727667320702E-01	1.20315987152875E-02
-3.68071105080384E-01	1.57660384377921E-01	-9.16333380818744E-01	1.30105432620473E-02
-7.53458238816269E-01	-2.96471239994400E-01	-5.86860704269819E-01	1.21948014846240E-02
-8.15383288069480E-01	7.77570671124484E-02	-5.73675807447963E-01	1.02712946580290E-02
-2.76291216176494E-01	9.19565248178727E-02	-9.56664602359224E-01	1.21058686405414E-02
-7.55698009420253E-01	-4.62175726618364E-01	4.64019521446083E-01	1.05406605983987E-02
-4.76991937636974E-01	-3.57123774312370E-01	-8.03082375133592E-01	1.20876563026849E-02
-3.30072893193691E-01	7.09255168003163E-01	-6.22903677818288E-01	1.24409125840629E-02
-1.53640005579356E-01	6.73805404937790E-01	-7.22759313300212E-01	1.28666569424894E-02
-6.67781564078186E-01	-3.22415009445947E-01	-6.70907105612439E-01	1.30404494531874E-02
-9.45823142829164E-01	2.26180402453494E-01	-2.32939923660024E-01	1.23040256385578E-02
-6.21203525461323E-01	1.61440156118775E-01	-7.66839785057327E-01	1.00660668795823E-02
-7.25845055376865E-01	4.83768100420412E-01	-4.88996299168593E-01	1.46883596782895E-02
-5.09235079634544E-01	3.05708873967849E-01	-8.04500912396567E-01	1.20715508636630E-02
-1.88208839271686E-01	4.12991302127503E-01	-8.91075539551520E-01	1.24531073644783E-02
1.07172713227357E-01	3.05361001274194E-01	-9.46186381449399E-01	1.33414857206375E-02
-3.76167127837555E-01	8.57829420131993E-01	-3.50181350003755E-01	1.19720525895646E-02
7.41032564513729E-01	5.70905421894888E-01	3.53465327268779E-01	1.17180166970536E-02
2.09962765937671E-01	9.75549505619462E-01	6.49522825266735E-02	1.12404175337067E-02
5.97175380236960E-01	5.14332776761198E-01	6.15502526386331E-01	1.27094718733791E-02
1.33714607192132E-01	1.68830167574108E-01	-9.76533040065901E-01	1.20711891878294E-02
4.46139871078719E-01	7.83765991765629E-01	-4.32053336505463E-01	1.22935418729949E-02
6.99060701734794E-01	3.79455116609165E-01	-6.06075861397878E-01	1.08360295048904E-02
7.78172729709825E-01	5.26009932076433E-01	-3.43162868173269E-01	1.20578840530279E-02
7.89793993211819E-02	5.17840866551498E-01	-8.51823392148899E-01	9.77294282005207E-03
7.24926882328584E-01	-1.98770503008709E-01	6.59523541968763E-01	1.21273416666135E-02
2.69108601174286E-01	5.08326533189346E-01	-8.18037099665851E-01	1.17411249776414E-02
8.15732214025724E-01	-3.16815584513173E-02	-5.77561454613087E-01	1.29108748294455E-02
9.43326052820512E-01	-1.27246202039035E-01	-3.06503445554388E-01	1.35646650483343E-02
-5.13553916356540E-01	-6.82092746178460E-01	-5.20587995064798E-01	1.23358323765959E-02
7.53831600968357E-01	-3.75853463327822E-01	5.38954628411300E-01	1.15149516967383E-02
6.46739347638503E-01	-3.73902340298512E-02	-7.61794057876087E-01	1.45795644567215E-02
4.75370245268578E-01	-7.07072331232900E-01	-5.23518718211834E-01	1.24730556684942E-02
3.15865472129735E-01	-9.27708841633188E-01	1.98960570646212E-01	1.26598558786336E-02
-3.66607837673289E-01	-3.77126624444532E-01	-8.50514081301178E-01	1.28543452891107E-02
9.53815303085072E-01	2.51443177178212E-01	1.64355396173221E-01	1.24648307492601E-02
1.77611484624993E-01	-1.92290372125149E-01	-9.65131376195633E-01	1.25460855780761E-02
-4.98008402195108E-02	-9.87270244618052E-01	-1.51054097611555E-01	9.54607586079347E-03
-3.76963583712938E-01	-6.37908274946100E-01	-6.71544108238311E-01	1.20715444483339E-02
-9.83302490992818E-02	-8.72392950910699E-01	-4.78812804040780E-01	1.30463463052383E-02
-9.31496486830316E-01	3.38477376719985E-01	1.33219219602636E-01	1.12515782198190E-02
3.23714560939419E-01	-8.52257674607990E-01	-4.10932767137860E-01	1.27094195026857E-02
-4.91112732783066E-01	-8.43331988206318E-01	2.18172962042334E-01	1.10674673617065E-02
-6.94392309697121E-01	-7.03904966640707E-01	-1.49456074389909E-01	1.19627976368400E-02
-4.22271475246945E-01	-5.32675207256626E-01	7.33446606623057E-01	1.18634648525350E-02
-3.19809354217734E-01	-1.31502882264056E-01	-9.38311765305690E-01	1.15654587701758E-02
-5.03343288768022E-01	-5.86804719874151E-04	-8.64086332094433E-01	1.34269505366249E-02
-7.03059466339421E-01	6.60748250930597E-01	2.62905183826193E-01	1.19761086081447E-02
-7.52826927354153E-01	6.54580655071604E-01	-6.91070434654332E-02	1.30731555064481E-02
-4.37286354757702E-01	6.74877461505236E-01	-5.94408155979516E-01	1.29811770515052E-02
-4.53292485031652E-01	8.51184739125421E-01	2.64594903378387E-01	1.06247816612796E-02
-8.99321572872407E-01	3.46226831619760E-01	-2.67109883068450E-01	1.37560671521383E-02
-8.24019646648001E-01	4.88403620349940E-01	2.87147219326904E-01	1.25750236630310E-02
-6.86811889759053E-01	5.92899802613889E-01	-4.20427463596289E-01	1.36052520639274E-02
-3.81843144838920E-01	7.56620181774342E-01	-5.30774635105413E-01	1.20469599514844E-02
-8.59987602437077E-01	5.07671254391199E-01	5.18769806310361E-02	1.20889662244370E-02
5.22915480270012E-01	8.39645679749479E-01	1.46814621111174E-01	1.21103855191175E-02
5.16300952434875E-01	8.19615295354113E-01	-2.48322560667430E-01	1.08319295431701E-02
-8.95068505005649E-01	1.59848940329912E-01	-4.16293991816307E-01	1.21686999771205E-02
-1.79611465497817E-01	6.51044056163664E-01	7.37483124142979E-01	1.17436361984808E-02
6.42401678707980E-01	7.22777294479168E-01	2.54780426600123E-01	1.30991358787885E-02
4.28257286897171E-01	2.53209960901566E-01	-8.67456288189612E-01	1.21028955929515E-02
1.18437278314059E-01	9.04021731027126E-01	4.10752140513322E-01	1.14750989509135E-02
2.65057438332425E-01	6.06041449846367E-01	-7.49972209786979E-01	1.23009314978457E-02
5.36223649124678E-01	4.72860306618263E-01	-6.99190480873627E-01	1.06095862678060E-02
9.54791847600602E-01	1.75426573931040E-01	-2.39995926870112E-01	1.16185074996645E-02
9.63518912191105E-01	2.62593224271919E-01	5.17310778598843E-02	1.24024151117555E-02
5.86169741392016E-01	3.79766964570460E-01	-7.15668978576936E-01	1.36539518600249E-02
6.39418015326946E-01	-7.10280051768499E-01	2.94358369568603E-01	1.24271525904210E-02
4.33470042127238E-01	-6.39374841866902E-01	-6.35061834915218E-01	1.51043660822008E-02
-5.37948343608182E-01	-7.40451963485787E-01	-4.02917447350266E-01	1.08099195531905E-02
7.85207717479006E-01	-2.56231816535092E-01	-5.63732291612371E-01	1.45801351666024E-02
7.05350457916137E-01	-1.10973600272544E-01	-7.00118269694517E-01	1.00945795945542E-02
3.38867186335306E-01	7.65943045124658E-02	-9.37711225560110E-01	1.22161356373719E-02
7.41370898116138E-01	-5.95888219931699E-01	-3.08684986309831E-01	1.42275462430462E-02
-2.50126660855737E-02	-7.71862976532010E-01	-6.35296711776817E-01	1.22385093798472E-02
3.46539499526617E-01	-9.35296309438871E-01	-7.16323168539667E-02	1.23019593232864E-02
-4.23779262482775E-01	-4.63256398286115E-01	-7.78334533562869E-01	1.25846338546881E-02
4.05536661843171E-01	-7.83914164404653E-01	-4.70126151949507E-01	1.27758061467143E-02
-2.22423325444039E-01	-8.89700519699109E-02	-9.70882173155366E-01	1.20232968121370E-02
-3.25256255861628E-01	-7.78287259090549E-01	-5.37100838167467E-01	1.20004689398922E-02
-5.24338390337468E-01	-4.35932229175894E-01	-7.31459051474550E-01	1.23238197058696E-02
3.32232414168470E-01	-8.93168643072243E-01	-3.03102949520911E-01	1.21362069251449E-02
-9.21802572556042E-01	4.73649944545599E-02	-3.84755213778036E-01	1.18727694962525E-02
-4.40323831245219E-01	-7.58336582148219E-01	-4.80666778354077E-01	1.27351186246727E-02
-4.51536715721483E-02	-6.94036422401588E-01	-7.18522505091913E-01	1.19005046817307E-02
-1.71776349660346E-01	-1.66895141166757E-01	9.70895925190900E-01	9.71747613285459E-03
-4.16898329567793E-01	-7.02733902654285E-02	-9.06232549307398E-01	1.25876571882121E-02
-6.78236679373321E-01	-4.90147795569364E-01	5.47494424858502E-01	1.41609768875847E-02
-5.78943454782567E-01	7.67728278713707E-01	-2.74622952842098E-01	1.27247101077085E-02
-9.40536994897061E-01	1.44124708720680E-01	-3.07600763273083E-01	1.32346706359865E-02
-9.02501774688964E-01	2.55040124537374E-01	-3.47051986825072E-01	1.20030600371504E-02
-5.18939088879302E-01	8.29833665037269E-01	-2.05129984165973E-01	1.35463876318080E-02
-7.94388569238242E-01	-1.71865154512974E-01	-5.82588336415902E-01	1.10148291155379E-02
7.92621735195154E-01	6.07761168682754E-01	-4.87559918122334E-02	1.20106633132706E-02
-2.25877378648722E-01	7.25385571148825E-01	-6.50227024187609E-01	1.08923203928069E-02
5.89747037721588E-02	8.61360172974755E-01	-5.04559844545604E-01	1.19878110138186E-02
1.98152167078408E-01	9.78871152704349E-01	-5.04676637599522E-02	1.23598088795573E-02
2.17359172059870E-01	2.38289532013201E-01	-9.46558550357227E-01	1.26653336385895E-02
2.36513742812475E-01	1.25574827420328E-01	-9.63479222494802E-01	1.26854579963787E-02
1.46610300711344E-01	9.35173386258646E-01	-3.22422327637006E-01	1.39698003544754E-02
4.60943129848141E-01	8.70743662179461E-01	-1.71280196812414E-01	1.16614452642324E-02
2.81372366808683E-01	7.89812308526209E-01	5.45001016968757E-01	1.31613916044884E-02
9.87400932276590E-01	-1.54042456933869E-01	3.61983480437620E-02	1.40345810749929E-02
2.71542799463380E-01	-1.16341975364962E-01	-9.55368542933965E-01	1.27213182952051E-02
6.29308289341951E-01	-2.81716155495541E-01	-7.24297649242573E-01	1.17766201602470E-02
9.29714906592449E-01	-3.68838756960273E-02	-3.66428399791055E-01	1.19946410988655E-02
-3.12465036051199E-01	-4.75575136105069E-01	-8.22310094285706E-01	1.14098640017233E-02
5.72938118374126E-01	-6.76740183812084E-01	-4.62346878574843E-01	1.27890617463622E-02
2.12374086249417E-01	-8.66055630349434E-01	-4.52597937058675E-01	1.23375481116270E-02
6.05385046617605E-01	-5.22192014186848E-01	-6.00686645141443E-01	1.33088620848313E-02
2.04484382115582E-01	4.06359426509023E-01	8.90538126055288E-01	1.36785820046465E-02
1.86307056684262E-01	-3.17810054502289E-01	-9.29670075826310E-01	1.28371652873556E-02
3.73569974861064E-01	-1.50646481555106E-01	-9.15287447459742E-01	1.18434523985759E-02
-2.24888363093221E-01	-7.71991063699244E-01	-5.94520833708761E-01	1.10500453033483E-02
-2.52823548443078E-01	-3.54539981293454E-01	9.00212005594841E-01	1.15018913546891E-02
-1.31334965339918E-01	-3.90132283590473E-01	-9.11344022957107E-01	1.47983891477307E-02
-5.41695034034695E-01	-7.88759744974376E-01	-2.90559038424391E-01	1.27381847399139E-02
1.89630071192108E-01	-7.23929993198575E-01	-6.63299179139539E-01	1.34350962199916E-02
-4.42503814951243E-01	2.37984325804029E-01	8.64611955980945E-01	1.38102980818157E-02
-8.50875567455226E-01	2.67399640949969E-01	-4.52225829345885E-01	1.31710054884674E-02
-5.75325873552613E-01	-3.27062601919771E-01	-7.49686730339007E-01	1.35675908583435E-02
-9.96200736148432E-01	-1.17897919656036E-02	8.62849587282095E-02	1.11031274624471E-02
-5.65279064453961E-01	-8.24648347537867E-01	2.03637470304233E-02	1.14163119434852E-02
-9.97654888326139E-01	6.75209064301499E-02	1.12094154088966E-02	1.14484740650453E-02
-4.64948002813954E-01	1.17169122985787E-01	-8.77550426641145E-01	1.20367718322490E-02
-6.70946532382708E-01	-1.36694411676907E-01	-7.28797220425492E-01	1.19056356408351E-02
-5.47781206176328E-01	8.02018382553818E-01	2.38122372333562E-01	1.21589891927102E-02
-4.12936668139123E-01	9.09557591464540E-01	-4.67792252541952E-02	1.31664522755971E-02
1.70717359929346E-01	5.69349110458699E-01	-8.04174840093024E-01	1.31242291511717E-02
-9.00310434735983E-01	4.03506200175249E-01	-1.63168218491334E-01	1.19061182515577E-02
6.79154508088103E-01	6.57395849661476E-01	3.26465696500370E-01	9.70602872606377E-03
3.71506857917287E-01	5.36422338716233E-01	-7.57782111854477E-01	1.24526275003429E-02
-1.39595085644180E-01	9.73320768558540E-01	-1.82098581973076E-01	1.24865551290685E-02
1.70070792380919E-01	7.42026445550988E-01	-6.48438647585021E-01	1.28639353469535E-02
9.77226861824936E-01	1.70388351476165E-01	-1.26473199568211E-01	1.30100485317084E-02
8.49299552194287E-01	6.54991049872902E-02	-5.23832165763469E-01	1.17113777912533E-02
6.65034459611587E-01	-4.29020537042769E-01	-6.11285977529877E-01	1.06322367561097E-02
5.95718842612110E-01	2.78640167778760E-01	-7.53311832813684E-01	8.84032777898373E-03
9.49185463624962E-01	7.70653448384788E-02	-3.05135852151122E-01	1.27739340064565E-02
5.32008331759301E-01	1.88139449228649E-01	8.25572942012167E-01	1.08558709005330E-02
2.74508688785691E-01	-7.49870152538653E-01	-6.01946620650716E-01	1.14542089139519E-02
-7.54531815565403E-01	3.63831233429090E-02	-6.55254154992847E-01	1.44102894144790E-02
7.82474906518267E-01	-5.47764626567942E-01	2.96119797632834E-01	1.21201862553127E-02
-2.16912732246795E-01	-3.11316487525800E-01	-9.25219385434518E-01	9.64541922222754E-03
2.59296573628914E-01	-9.59322276868649E-01	1.11651493531681E-01	1.27662799385804E-02
-7.24967620159578E-01	-6.80929671263845E-01	1.03714668743958E-01	1.30203424999479E-02
-3.51980640888491E-01	-5.56890645709918E-01	-7.52318042559473E-01	1.21988463494463E-02
2.36134069706601E-02	-9.43642345617542E-01	-3.30123508052152E-01	1.17995853316008E-02
8.65917811582391E-02	-9.66734779018048E-01	2.40677648469418E-01	1.16310470561981E-02
-7.54857448959704E-01	-9.14812071784385E-02	-6.49477805997420E-01	1.31294666377738E-02
-3.28258200349809E-01	2.82548494742792E-01	-9.01339504305500E-01	1.28324274587168E-02
-1.55631170707563E-01	-6.52525219400398E-01	-7.41612956164234E-01	1.15894867087125E-02
-5.71162918067650E-01	3.63383266435202E-01	-7.36020055908348E-01	1.05545561951825E-02
-7.51683153466250E-01	-5.27248480171647E-01	-3.96208880455400E-01	1.27649352525456E-02
5.13267653700213E-02	6.08880566930784E-01	-7.91599657889451E-01	1.42914064782132E-02
-3.94576365299173E-01	6.13054882709252E-01	-6.84451022888882E-01	1.20977399347389E-02
5.41521117255055E-01	7.14930703817991E-01	-4.42299636338476E-01	1.28940199738892E-02
-3.88457298888435E-03	3.36540420703106E-01	-9.41661008710496E-01	1.14683820380787E-02
-4.36097585504464E-01	7.90349901810086E-01	-4.30309108230307E-01	1.28612002053574E-02
7.49658311654662E-01	6.43859997546166E-01	-1.53155866119884E-01	1.35846152079348E-02
4.65357788611586E-01	4.32067272253816E-01	-7.72502427715072E-01	1.38154204343520E-02
3.69506296835877E-02	9.49979960462584E-01	-3.10117277308913E-01	1.09463230004918E-02
8.37070526566698E-01	-1.40365530753563E-01	-5.28782045203523E-01	1.19874658405792E-02
6.24131382619892E-01	4.60585197091960E-01	-6.31127002630010E-01	1.33757221981639E-02
9.45286060885131E-01	2.70041203248145E-01	-1.83062862548810E-01	1.25207772375043E-02
8.20825614616993E-01	-5.44958289909518E-01	1.71072419306936E-01	1.36137224955780E-02
6.72881946722759E-01	2.98587953426048E-01	-6.76812470218622E-01	1.40982246988014E-02
3.54596493406165E-01	-4.00388533267041E-01	-8.44955826829023E-01	1.28529421174836E-02
7.16024593556714E-01	-2.15981158384233E-01	-6.63822958811268E-01	1.28583231381101E-02
3.61700798117942E-01	-3.62490710873888E-02	-9.31589253633888E-01	1.22303100570756E-02
6.72210100200474E-01	-6.80348606067461E-01	-2.91992046827530E-01	9.53423443880666E-03
-8.51471689654496E-01	4.89861614214537E-01	-1.87167199679974E-01	1.07495895944806E-02
8.62684558019198E-01	-5.04007655101343E-01	4.18525621015677E-02	1.19656137495588E-02
2.96763873509458E-01	-8.07149210151155E-01	-5.10334552947404E-01	1.15028163572503E-02
-2.33262788288701E-02	-1.05177700060828E-01	-9.94179830878655E-01	1.15980800152229E-02
-2.82828990749702E-01	6.44974548135710E-01	-7.09940556841655E-01	1.24798340838229E-02
-5.43772454054331E-01	6.25467117110363E-01	-5.59555541144380E-01	1.24715212447269E-02
-2.59264021085801E-01	-3.97892182775446E-01	-8.80036350531392E-01	1.21501682533418E-02
-5.86133470864439E-01	-1.54320081907910E-01	-7.95382214191605E-01	1.20772758901397E-02
-4.95865992392361E-02	9.59395385817407E-01	2.77671861822827E-01	8.68425401001706E-03
-6.44057807444080E-01	5.62784100095487E-01	-5.18134728955738E-01	1.15731684515789E-02
-9.33331105502400E-01	-2.75646407788264E-01	2.30026314527473E-01	1.28760138398612E-02
2.79963947998604E-01	-2.30977992286894E-01	-9.31809720329290E-01	1.19552360703486E-02
-9.40167763787020E-01	8.08199886941217E-02	3.30987470099996E-01	1.46188781954028E-02
-4.00344239999031E-01	3.51314722451485E-01	-8.46346533807774E-01	1.25220890642148E-02
7.38296316163128E-02	7.01339755294881E-01	-7.08993464806492E-01	1.29503144471322E-02
-8.18167669040154E-01	5.74632565926824E-01	-1.99769745896048E-02	1.24553599849867E-02
5.15333007034654E-01	-5.63562811532394E-01	-6.45622838287435E-01	1.01824918109156E-02
2.53399760024710E-01	5.44678321081517E-03	-9.67346315531347E-01	1.23534273072603E-02
7.94714318313964E-01	-5.84468905553313E-01	-1.63784158904585E-01	1.13130742895849E-02
4.36311841180405E-01	-8.99620264871818E-01	-1.77582735006637E-02	1.04954608258430E-02
9.59914442468383E-01	-2.76877828096045E-01	4.36226025063775E-02	1.39134026935709E-02
2.53200512626519E-01	-5.24590896794201E-01	-8.12830788913856E-01	1.35372015780730E-02
-6.46189112485636E-01	-6.50118861240810E-01	3.99731281192724E-01	1.03088631515760E-02
1.67860665521049E-01	-7.33548450096884E-02	-9.83077750579492E-01	1.18530512091943E-02
1.43264430452533E-01	4.38911432792730E-02	-9.88710711233953E-01	1.24818868223840E-02
-5.13070022397965E-01	-2.37002926444611E-01	-8.24978039085430E-01	1.43417348907369E-02
-1.16394037567023E-01	-2.76767760455534E-01	-9.53861643421766E-01	1.23932450261661E-02
-7.28920466897419E-01	-4.68411077970082E-01	-4.99265475446633E-01	1.18965984433535E-02
-5.60309582383158E-02	3.89124610378518E-02	-9.97670462675363E-01	1.32326476400170E-02
-4.39767766605924E-01	2.39426843472946E-01	-8.65609090801972E-01	1.18469933515158E-02
-3.36063012376674E-01	9.31467755988171E-01	-1.39389638304558E-01	1.44377791386710E-02
-5.84272641427179E-02	1.47705192943068E-01	-9.87304122741542E-01	1.07131821319243E-02
-2.74122544591749E-02	5.31947472761696E-01	-8.46333536218381E-01	1.26448085411700E-02
-1.23030899165043E-01	7.56275744133186E-01	-6.42581042893763E-01	1.33078850106667E-02
4.03617999217248E-01	3.53317089256905E-01	-8.43954705625184E-01	1.12650598707515E-02
7.73304356669534E-01	3.73385710204278E-01	-5.12429003249390E-01	1.31312922440342E-02
7.06347076659238E-01	4.61836308528473E-01	-5.36452263877915E-01	1.18116245605261E-02
-3.43062658406627E-01	-9.26322938551824E-01	-1.55672174519697E-01	1.23583385789705E-02
6.11175895702873E-01	-3.87562549848796E-01	-6.90115421119170E-01	1.18559876923233E-02
-1.55673092834324E-02	-2.26981754184142E-01	-9.73774584875351E-01	1.22485920845935E-02
-7.63405061875530E-01	-6.39651361734497E-01	-8.97710807221384E-02	9.59612280194288E-03
6.19225649254287E-01	-7.51556278879629E-01	-2.27426372662033E-01	1.42352868499394E-02
-9.35683360928666E-01	-1.90839098944218E-01	-2.96777840135332E-01	1.40136919094419E-02
-4.18147652451796E-01	-7.01652255789225E-01	-5.76919970788793E-01	1.18553545508867E-02
-1.79125644067077E-01	3.54614593337258E-02	-9.83186904174113E-01	1.33352017252586E-02
-8.77159893455628E-01	4.74895341703696E-01	-7.11683619387136E-02	1.41636018976017E-02
1.59257530560364E-01	8.80517088728937E-01	-4.46460183461113E-01	1.16405075484304E-02
-2.96164505499302E-01	3.89934087432522E-01	-8.71916276451196E-01	1.19737914415191E-02
3.62910430089163E-01	4.48114567648439E-01	-8.17000216642413E-01	1.08292234487501E-02
6.09539328510335E-01	8.32518195552949E-02	-7.88372336868755E-01	1.22851897045175E-02
5.51806374139645E-01	-8.80910936862449E-03	-8.33925731136166E-01	1.23236033257143E-02
9.02905476697374E-01	-2.35972641960898E-01	-3.59275120758286E-01	1.22873737787987E-02
4.21497234275926E-01	-8.32988401153240E-01	-3.58427684536104E-01	1.18465565473184E-02
-6.58879954654685E-01	4.60913713549675E-01	-5.94504629095591E-01	1.23341923619597E-02
5.55708823982357E-02	-2.74756968974344E-02	-9.98076631882282E-01	1.31406516228915E-02
-5.84288607574770E-01	-5.97830481468945E-01	-5.48821955177582E-01	1.15299079462553E-02
-2.11407751942378E-01	2.89634875231754E-01	-9.33497938652333E-01	1.38133582527815E-02
9.21675692644389E-02	9.90348097852530E-01	-1.03517072291290E-01	1.18648876555158E-02
-3.33138959208491E-02	9.90340970775449E-01	-1.34591775165184E-01	1.21118710017834E-02
8.65338564389966E-01	5.00149069485144E-01	-3.22502290325975E-02	1.36786160184815E-02
1.67836932515185E-01	4.57442211408806E-01	-8.73256770546506E-01	1.32542572049011E-02
6.64745526449344E-01	-6.35671817241540E-01	-3.92472579717898E-01	1.22337161984112E-02
6.34469673834079E-01	-1.70488279405244E-01	-7.53911121797732E-01	1.18993672459040E-02
