This design was downloaded from: http://web.maths.unsw.edu.au/~rsw/Sphere/Extremal/New/extremal1.html
                            Catesian Coordinates               		|     Weights
	x		|	y		|	z	    	|	w 
0.00000000000000E+00	0.00000000000000E+00	1.00000000000000E+00	1.08040399861802E-02
8.26388062940594E-01	0.00000000000000E+00	5.63101029504735E-01	1.18091696967225E-02
2.34615310488861E-01	-9.32557299870625E-01	-2.74394858811572E-01	1.19108724960345E-02
-3.64258415181835E-01	6.08107720013415E-01	-7.05351549108175E-01	1.25029420524256E-02
-9.44845275416922E-01	1.38871099605938E-01	2.96617975208106E-01	1.27198274016595E-02
9.97943207974816E-01	5.29591282492021E-02	3.61204151695061E-02	1.02451308144851E-02
-8.78049593629401E-01	4.70090763147248E-01	8.96860386619917E-02	1.11533844826112E-02
8.98546865596945E-01	-1.21741054691754E-01	4.21654652444917E-01	1.15928321163855E-02
-2.90631386016228E-01	8.87652023748161E-01	-3.57221614964827E-01	1.13852013953112E-02
-5.43219903220552E-01	-7.38411205484968E-01	3.99576060793548E-01	1.07861188769279E-02
-7.00955479395934E-01	3.08798311803910E-03	-7.13198345669056E-01	1.14085979080622E-02
-9.59025012305820E-01	-8.30981046417048E-02	-2.70861091293631E-01	1.14001137790041E-02
-1.32213998716411E-01	9.28096496472878E-01	-3.48075209944898E-01	1.29569938441519E-02
5.28137600254067E-01	-7.79533899796195E-01	3.36745563098328E-01	1.18245206199271E-02
-9.22803071853530E-01	2.54077421280115E-01	2.89618981721390E-01	1.10506297030497E-02
-5.48661138092944E-01	-7.31377978141976E-01	-4.05039761795691E-01	1.02618806937585E-02
4.69108729117161E-01	-6.33345237303706E-01	-6.15476084548208E-01	9.96179606795146E-03
9.05003846328858E-01	-4.15421960578347E-01	-9.16113137075002E-02	1.14999637978108E-02
2.95313008772211E-01	-6.26212316198519E-01	-7.21559673132575E-01	7.96061744036791E-03
3.16377826514890E-01	3.86796063388875E-01	-8.66195056691380E-01	1.05332912533359E-02
-1.00548773230805E-01	-4.20137349329136E-01	9.01872802506244E-01	1.13623890497197E-02
1.29236930598961E-01	1.78976404064187E-01	-9.75328284506099E-01	1.13838837031666E-02
8.00126133097747E-01	-3.00551071498206E-01	5.19102325707875E-01	1.03175183311310E-02
-8.29245701127206E-01	-5.50353246209768E-01	9.72772920491635E-02	1.21924382503902E-02
-4.25201673762740E-01	-3.84692241553666E-01	-8.19277374225469E-01	1.16856449774355E-02
8.83439005634837E-02	9.42720450081734E-01	3.21672983371188E-01	1.12544796030819E-02
5.30590845681135E-03	5.68914040820882E-01	-8.22379876633848E-01	1.18902335998867E-02
-2.28227953339153E-01	9.29288531468407E-01	-2.90404591210110E-01	1.00041025030140E-02
-9.79699490258669E-02	-9.32909542158320E-01	-3.46528029512507E-01	1.20578149283815E-02
8.65880152452631E-01	-1.63794567103149E-01	-4.72676317765233E-01	1.16840613603906E-02
5.81416270361446E-01	-7.67662108961306E-01	-2.69536652468757E-01	1.21869378443768E-02
2.67078286772172E-01	6.57936297359088E-01	-7.04122870919738E-01	1.26029564760971E-02
2.27222925444735E-01	-7.00289542928103E-01	-6.76730595006523E-01	1.40648600426688E-02
-2.81777467721548E-01	-7.02517073943466E-01	-6.53506862628344E-01	1.01305848886857E-02
-3.34984946414524E-01	7.75833375722892E-01	-5.34665931951979E-01	1.08663934280603E-02
-8.83040088160934E-02	-6.57331515508021E-01	-7.48410101980815E-01	1.13731960571925E-02
-9.53017659581721E-01	-2.64798052682345E-01	-1.47103133280752E-01	1.02568467857418E-02
5.08525313944735E-01	7.18736472600337E-01	4.74151756330641E-01	1.23267850861669E-02
-8.66571902155874E-01	-3.68778139508999E-01	3.36237746563693E-01	1.19314875294020E-02
-9.27331161845000E-01	-3.58983171428555E-01	-1.05773337388482E-01	1.06485403968318E-02
-6.99248565110322E-01	-6.66245136419330E-01	2.59169563006039E-01	1.20278153354461E-02
9.87614284704548E-01	-3.05434042973563E-02	1.53899724176006E-01	1.30717858933949E-02
-2.77497951566707E-01	8.30838628905040E-01	4.82392018585998E-01	1.26353207848112E-02
-6.08524650499897E-01	-3.58813007010345E-01	-7.07778903142903E-01	1.13458671953685E-02
-2.67850351458207E-01	1.68846332265061E-01	-9.48550001478230E-01	1.11370490617849E-02
-9.44442007267866E-02	5.93276174794331E-01	-7.99439599576155E-01	8.98955100011048E-03
8.17825663591797E-01	4.77887269858437E-01	3.20600906545638E-01	1.21687565888258E-02
8.06620282418333E-01	5.16841919648593E-01	-2.86771947870295E-01	1.16801659374434E-02
-2.29450161276461E-01	7.85370565796780E-01	5.74931037490802E-01	1.01561043363853E-02
-3.18464752237986E-01	8.37839543303852E-01	-4.43401737996583E-01	1.10001105769328E-02
5.35780593321991E-01	4.12324120257798E-01	7.36836464673924E-01	1.24143681144271E-02
4.54123470197193E-01	-2.04046625714511E-01	-8.67258236254105E-01	1.18973109596443E-02
4.12824251974726E-01	-4.28447449852199E-01	8.03746800738052E-01	1.25414532091959E-02
7.49830013437161E-01	-6.05471305940582E-01	-2.66757284120663E-01	1.30744699739651E-02
5.86479352518075E-01	-7.95485675319018E-01	1.52461501475699E-01	1.15556677779909E-02
-1.21975316208941E-01	1.85683981418666E-02	-9.92359429252412E-01	1.10968420572455E-02
-7.37739353483058E-01	2.12394353653249E-01	6.40803624255214E-01	1.16012844029143E-02
2.09017979831009E-01	-9.51662168893975E-01	2.25056882594995E-01	1.21888564062526E-02
-5.10842397369636E-01	7.19005667362312E-01	-4.71243987070942E-01	1.04573581922915E-02
-2.05173653032398E-01	-9.17825840962569E-01	-3.39852170454584E-01	1.12167915730640E-02
8.35287503852686E-01	-3.56992143604819E-01	-4.18152358969772E-01	1.18807034886507E-02
-3.82203209434569E-01	-6.09808696535440E-02	9.22064010920181E-01	1.11298331211861E-02
-5.89754497443590E-01	-4.46106664323551E-01	6.73185321283204E-01	1.33849415286888E-02
-3.83343479895924E-01	-5.00389688742072E-01	-7.76310463553013E-01	1.19685439981569E-02
5.41259695961108E-01	-6.56156645378605E-01	-5.25829248191448E-01	1.37950876610422E-02
-9.58045976181207E-01	-2.79190588306776E-01	6.48114413040880E-02	9.21010494535270E-03
2.60912280914129E-02	-8.24095186158999E-01	5.65850132072305E-01	1.13200984344084E-02
7.92000074385512E-01	-4.14140386785635E-01	4.48579560620396E-01	1.28561603939023E-02
5.93883387462877E-01	7.25340701734083E-01	-3.48114045254603E-01	1.18158935836163E-02
-8.39387156974524E-02	-5.88260019953155E-01	8.04303699439319E-01	1.16313033290149E-02
6.68170116514876E-01	-7.23128957536092E-01	1.75023444627456E-01	1.08364549078178E-02
-2.64919376861119E-01	3.71930688400351E-01	-8.89654588472153E-01	1.09990040718161E-02
5.28860944409991E-01	5.87625892336469E-01	6.12373996944302E-01	1.12134507224377E-02
8.94615450229850E-01	3.48296015798035E-02	-4.45477378846371E-01	1.22427366583677E-02
-8.81271343980471E-01	1.11160926443204E-02	4.72479894559732E-01	1.07401022754063E-02
-6.82736373586862E-01	7.04815134692498E-01	1.92630916754958E-01	1.23716195422835E-02
4.99529625419720E-02	-9.72440923867024E-01	-2.27735265433195E-01	1.05435789682350E-02
-2.61944255188229E-01	6.76974164544561E-01	-6.87816245601306E-01	1.05985787116848E-02
-7.22220429181201E-01	-9.31290793576111E-02	-6.85364593666265E-01	1.16120069141045E-02
-4.23923546683790E-01	-5.70053785827770E-01	-7.03795075167809E-01	1.07518065489985E-02
-9.53651365050835E-02	9.55995105680077E-01	2.77450623814588E-01	1.09336798448711E-02
-2.98851357943698E-01	-2.28783300996927E-01	-9.26469679503952E-01	1.12155559150158E-02
4.39311503182212E-01	-8.48731275586095E-01	-2.94381767461546E-01	1.21408747847292E-02
-7.52860905589803E-02	-8.54891939060090E-01	-5.13314501157355E-01	1.22230629339517E-02
6.45168122466657E-01	2.02688386686320E-01	-7.36665128572912E-01	1.15724868789234E-02
2.36766405126145E-01	9.05205123478467E-01	-3.52909838105959E-01	1.34910578313256E-02
8.14986703254732E-01	5.48950953404024E-01	-1.85605830390088E-01	9.94914815882927E-03
6.02183545457454E-01	-7.56314755586439E-01	2.55661823631363E-01	1.26783654403490E-02
9.35380813979597E-01	-7.54031966712803E-03	3.53561701005896E-01	1.30009185245590E-02
7.04144246932218E-01	-4.73042841551380E-01	-5.29538808369371E-01	1.22289272843444E-02
-8.74998746256122E-01	-2.03874984985707E-01	4.39103842555826E-01	1.17660608524435E-02
1.85824807091115E-01	-3.93135144156575E-01	-9.00507578812382E-01	1.36303143400160E-02
-6.43423281843140E-01	7.17463994825088E-01	-2.66930508769282E-01	1.26294958302738E-02
-7.60377848495839E-01	-5.62367240346644E-01	-3.24913241499537E-01	1.21224599492658E-02
-2.35148104328937E-01	8.85810872528028E-01	4.00055580065619E-01	9.97530394118782E-03
8.04885949248591E-01	-1.81278414874525E-01	-5.65063487585928E-01	1.13245761036691E-02
7.72170243833914E-01	-4.59806960133922E-01	-4.38555211974358E-01	1.10287078358184E-02
7.80936893227333E-01	-9.22004272677050E-02	6.17767472442579E-01	1.23755973129320E-02
-5.47153466707425E-01	7.87469957043123E-01	-2.83750155285503E-01	1.11984843219378E-02
3.87507377532038E-01	-2.15213501574698E-01	8.96393429861129E-01	1.17420051950985E-02
6.80925251990601E-01	-6.72926056032740E-01	2.88983259573557E-01	1.14925056809561E-02
-9.01696500898383E-01	4.21296508375488E-01	-9.72248543235403E-02	9.99454065636618E-03
5.57126731812295E-01	-5.65485504455476E-01	-6.08141388947410E-01	1.23432087822814E-02
-8.34478274280762E-01	-1.83770338237036E-01	-5.19494439371246E-01	1.12931674982723E-02
4.07793295851039E-01	-6.89852542482393E-01	5.98170625732762E-01	1.18775396079211E-02
-4.63670705838437E-01	-6.37421885605305E-01	-6.15388345923663E-01	1.14609705539672E-02
8.91167834379905E-01	3.11708863624544E-01	-3.29632333524070E-01	1.12303630125109E-02
5.26112938160448E-01	-3.80001060670221E-01	-7.60791936201801E-01	1.15564901588941E-02
-8.44067249985278E-02	5.07042695714475E-01	-8.57778065409474E-01	1.17410707638029E-02
1.90049218598691E-01	9.38743636537352E-01	2.87474658658207E-01	9.55858021672841E-03
5.07988595937104E-01	5.14040532130265E-01	6.91165622499471E-01	1.08914091617176E-02
-1.71692870421721E-01	1.37337702751236E-01	9.75530580581338E-01	1.05281547531602E-02
5.95547950136025E-01	-6.42829600297543E-01	4.81760048229488E-01	1.12539099919174E-02
9.37665186411926E-01	-1.33953436591614E-01	3.20687503679802E-01	1.25409068045611E-02
-6.24108412228568E-01	3.86644504950407E-01	-6.78965917095394E-01	1.26822093713825E-02
-1.44807709946420E-01	9.83917008725141E-01	1.04585118833623E-01	1.08697606465511E-02
8.74240879070763E-01	4.85356485528781E-01	1.14877028481932E-02	1.16397937223604E-02
-2.71848217492109E-01	1.50081025549106E-01	9.50565217339921E-01	1.26764647649528E-02
6.25842283226139E-01	4.05738938040935E-01	6.66106110678851E-01	1.20132825386019E-02
4.97966895909542E-01	7.44048931210942E-02	8.63998195864929E-01	1.11476430216423E-02
-8.29248150824063E-02	4.15916477961758E-01	-9.05614133283836E-01	9.24194729969874E-03
4.17619747138680E-02	-5.30558628761365E-01	-8.46618851027342E-01	1.19834835810886E-02
5.11490092853473E-01	1.00308782026465E-01	-8.53414338502179E-01	1.12050592092489E-02
-1.09422055718281E-01	7.94833018962850E-01	-5.96881299496629E-01	1.29153684083888E-02
-8.05389409054652E-01	-2.65188218405337E-01	5.30116127467935E-01	1.20381313564878E-02
-7.52430792346578E-03	-9.57219137903201E-01	2.89266152223389E-01	1.22643636609388E-02
4.31536371847718E-01	8.30703219497009E-01	-3.51722221205615E-01	1.15848495890071E-02
3.41509490980166E-01	2.37948444606794E-01	9.09258931921856E-01	1.24641419092916E-02
-8.88485539493422E-01	4.14637560909717E-01	-1.96644702938887E-01	1.12607248664331E-02
4.62005204826411E-01	8.63278881018187E-01	2.03225894760713E-01	1.13116438867665E-02
2.35051060803106E-01	-8.32517250660179E-01	5.01663259735601E-01	1.06819353783875E-02
-6.42769895197886E-01	-8.84754073885149E-02	-7.60932956386259E-01	1.14725119270018E-02
-4.83163504085487E-01	-6.60097902825731E-02	8.73038221332081E-01	1.14183799695828E-02
-4.17931183648865E-01	7.84384640917108E-01	-4.58338587538947E-01	1.24197521794836E-02
-1.48040587231355E-01	3.41259159009825E-01	9.28238208071668E-01	1.03555969194273E-02
2.06136319712081E-01	8.67272578959100E-02	-9.74672355426896E-01	1.09437730653073E-02
7.01193432402090E-01	7.12294852868201E-01	3.10453367455194E-02	9.72110354644339E-03
4.48032240307775E-01	-8.89354393272120E-01	-9.11914185237457E-02	9.96801408563123E-03
-3.81711529806895E-01	-7.78937590800274E-01	4.97546518077197E-01	1.26158832979424E-02
7.98188393262793E-01	1.08453815292350E-01	5.92564814015389E-01	1.18645138070257E-02
-1.89837946716885E-01	5.48295524383693E-01	-8.14452927999603E-01	1.11091849076315E-02
9.44708265463179E-02	7.08987326880284E-02	-9.92999815022584E-01	1.24557629113504E-02
-7.69415729550612E-01	-5.71321340388336E-01	2.85642015706675E-01	1.22360079477035E-02
9.37489378592021E-01	-3.36917792177945E-01	8.71783593621887E-02	1.20181383243872E-02
9.90532384567479E-01	-1.35730085687806E-01	-2.05654798690340E-02	1.09324532593827E-02
9.85279648259883E-01	1.63450537514515E-01	5.00793022225410E-02	1.22268759967194E-02
-1.87716310970224E-01	-8.31237359204811E-01	-5.23265744395657E-01	1.07700922592583E-02
-9.13863856778351E-01	4.06008732167523E-01	3.12420836633904E-03	1.13705606142463E-02
-4.86472476123829E-01	-7.02455647804515E-01	-5.19519578881766E-01	1.39707207850684E-02
-9.07931136036368E-01	-2.79574529849505E-01	-3.12248513967860E-01	1.14204723780788E-02
6.19247691201060E-01	7.71879508760967E-01	-1.43994169663512E-01	1.07005580433649E-02
-2.79714567268644E-01	-9.58676287686721E-01	-5.19570619350464E-02	1.12331755172205E-02
-6.23092131076654E-01	5.00386821579296E-01	6.01139937934689E-01	1.25963886242843E-02
-9.53312241970588E-01	-1.95131469892569E-01	-2.30476633884165E-01	1.31052245987825E-02
8.03775836132189E-01	3.13063031748761E-01	-5.05901120182860E-01	1.12172829299126E-02
1.78602890733322E-01	-9.83585930005418E-01	2.56851263784553E-02	1.21290932937637E-02
6.69973659865305E-01	-6.25562014384382E-01	3.99759254109322E-01	1.35032746658411E-02
-2.61071030531811E-01	2.70381033356116E-01	-9.26680103281783E-01	1.04682806345012E-02
9.36214834032999E-01	1.29628448115805E-01	3.26646980662076E-01	1.34505979512824E-02
-9.56248359684532E-01	2.43161842544473E-02	2.91543817948424E-01	1.14204687804655E-02
9.07627912906743E-01	7.71764340991777E-02	4.12620127638346E-01	9.23502865624771E-03
9.83379862475872E-01	-1.24283382736651E-01	-1.32354398689534E-01	1.26580037577014E-02
8.18173034601856E-02	9.96239461873345E-01	2.85107604390057E-02	1.16589430035239E-02
-1.00058496922253E-01	-7.31019141070537E-01	-6.74980972014880E-01	1.09541647034621E-02
-5.00217383789314E-01	-8.65359437218981E-01	-3.05877977471737E-02	1.01875978753443E-02
6.11428253538484E-01	3.23565512222507E-01	7.22122461965465E-01	1.05159300517492E-02
3.51708288249043E-01	8.59393839444433E-01	3.71138126176607E-01	1.24056146749669E-02
-8.85597276581672E-01	-1.30123872501240E-01	-4.45853385673368E-01	1.08643850208463E-02
-5.12969206516998E-01	8.39838897680901E-01	-1.77575953066425E-01	1.18707347431352E-02
9.97734171558800E-01	-5.08733196406024E-02	4.40275851327358E-02	1.00322787776057E-02
4.57669441166666E-01	1.97628540429372E-01	-8.66880408493551E-01	1.14196114567564E-02
1.98954505706344E-01	-6.26758286243367E-01	-7.53386458123864E-01	1.00118331982896E-02
-6.01096198411928E-01	2.32579358309417E-01	7.64584986998245E-01	1.03228694209804E-02
6.09871843875986E-02	9.60512897134245E-01	-2.71469220684869E-01	1.21903981690381E-02
-6.00755099798790E-01	7.75721394478329E-01	-1.93260519026367E-01	9.43346513579997E-03
-1.01705497427802E-01	-1.46151010118115E-01	9.84020260987759E-01	9.21692674385962E-03
-8.76346207825267E-01	2.20563838383409E-01	-4.28215970309200E-01	1.16202647195259E-02
1.33262196211021E-01	1.58538451655159E-01	9.78318325703755E-01	1.09056371690665E-02
3.27108262595223E-01	-3.86576446165479E-01	8.62298576951164E-01	9.69724194866483E-03
9.33214295176950E-01	-2.11866848010910E-01	-2.90212883916805E-01	1.12048137705850E-02
-1.53003318830952E-02	-7.51703525573514E-01	6.59323675810762E-01	1.25082641688765E-02
2.88821349021178E-01	9.57301692420573E-01	-1.24779019988282E-02	1.04584691359130E-02
4.17657875416740E-01	-3.17237509735277E-01	8.51423667464872E-01	1.15620860448332E-02
1.05332998024249E-01	9.91355837512145E-01	-7.82212436478457E-02	1.12500180276945E-02
5.97363927349784E-01	6.87314709422839E-01	4.13224912743942E-01	1.14761914123744E-02
7.94030596519871E-01	4.36573021724163E-01	4.22988662369253E-01	1.05169269680921E-02
5.80651118409164E-02	-8.80233509004568E-01	4.70974959432458E-01	1.07791972370417E-02
-5.73142579270080E-01	-2.86646156663938E-01	-7.67685850265219E-01	9.32977159592195E-03
5.98117410253656E-01	2.31325940311310E-01	7.67296470010482E-01	9.32496085426034E-03
2.05936261952549E-02	4.54953710923988E-01	-8.90276936394862E-01	1.37245864601366E-02
-9.93059236458081E-01	1.13787411973440E-01	-2.97620187769329E-02	1.24235967910535E-02
-6.74113482025687E-01	1.51529211189062E-01	7.22917638121815E-01	1.35709350063898E-02
-5.84041886730931E-01	8.06191292158626E-01	-9.46080070151479E-02	1.15689864502319E-02
-3.68083030252317E-01	-8.30838853020183E-01	-4.17398710051166E-01	1.04092604054193E-02
4.28524744331102E-01	1.66225953700677E-01	8.88107806413311E-01	1.17301364793338E-02
6.57374721733618E-01	6.09249797994248E-03	-7.53539220408607E-01	1.13895547101593E-02
-3.15921663917372E-01	-9.37279461390198E-01	-1.47311620464166E-01	9.34314458382892E-03
-4.44076738781228E-01	7.28257527267380E-01	5.21954810354142E-01	1.16797315346245E-02
-7.49476452539229E-01	-5.28793578546972E-01	3.98324488798641E-01	1.07787561551615E-02
2.19890672402176E-01	4.94772463201816E-01	-8.40742708471340E-01	1.29916975347044E-02
-8.06870992244632E-01	1.13597400184978E-01	-5.79702365481956E-01	1.23904206601054E-02
-7.06235615047351E-02	-9.86395097188813E-01	1.48448727856649E-01	1.08916435381953E-02
2.53230720994296E-01	3.11216819059397E-01	9.15979417606781E-01	1.07216960872683E-02
3.73805793341239E-01	9.26560738941316E-01	4.18858677485476E-02	1.06951083572918E-02
4.59717034772281E-01	-7.53808933430203E-01	-4.69502225576195E-01	1.13664528632434E-02
4.79737373287680E-02	8.93584802627554E-01	-4.46323560928374E-01	1.19566278921224E-02
9.64349163645021E-01	-5.33564561389394E-02	2.59198339434190E-01	9.19582582034580E-03
9.56954315102402E-01	-2.21961367501597E-01	-1.87006925389707E-01	9.54223466439777E-03
-8.69966604533096E-01	1.20508934694791E-01	-4.78158659501091E-01	1.22934936104316E-02
-5.53888752312134E-01	-5.46963765142049E-01	6.27724373976141E-01	1.11679708161788E-02
-3.57171934697678E-02	-9.98384379289697E-01	-4.41917784318317E-02	1.16973020896549E-02
1.87837215671128E-01	9.82198638757371E-01	1.73621199269762E-03	1.19231475689471E-02
-4.93960346276983E-02	8.81692441972081E-01	4.69231786574999E-01	1.10408042404853E-02
9.03904436729926E-01	3.31740590145881E-01	2.70009166714050E-01	1.00068875120602E-02
8.86976581719682E-01	-1.56674801738983E-02	4.61548560333437E-01	1.24538983769111E-02
7.49642266681410E-01	-5.26623946585272E-01	4.00878648580477E-01	1.27272138990798E-02
-3.43445320687955E-01	3.34323856007632E-01	8.77651907650029E-01	1.17845707648922E-02
-4.89438451033119E-01	8.40206366511999E-01	2.33459341905619E-01	1.19292424400199E-02
-1.42650060529503E-01	9.59795455151828E-01	-2.41751203721560E-01	1.03808612946274E-02
5.75542174322626E-01	6.34359840211573E-01	5.16080225064602E-01	1.15959773510357E-02
8.58875398502868E-01	-5.10998606372380E-01	-3.48349556053051E-02	1.19703639919497E-02
1.84108538894500E-01	8.02325699391632E-01	5.67782984952754E-01	1.33175845510592E-02
7.45036888978954E-01	-5.88887806592704E-01	3.13258974822740E-01	9.07630997094389E-03
8.61391605710469E-02	-1.93812328099095E-01	9.77249623429410E-01	1.10331497441832E-02
3.46735984775433E-01	9.21330935833722E-01	-1.75850685348584E-01	1.14203220519702E-02
5.08834433955912E-02	8.56402502095168E-01	5.13795318773285E-01	1.14359974485518E-02
4.26796480921453E-01	-8.82816101166273E-01	-1.96164460070227E-01	1.10329839218666E-02
-4.25718831313548E-01	2.55979566839683E-01	8.67892814825421E-01	1.26385244734541E-02
1.55895066977624E-01	3.70121865983116E-01	9.15809222716837E-01	1.17125232665226E-02
-4.42497858461711E-01	8.57792101826480E-01	-2.61511673354953E-01	1.22304755827519E-02
-5.89563133848399E-01	5.95072219096572E-01	5.46172468425803E-01	1.12403382386699E-02
-8.22929717071938E-01	4.64374444471398E-02	5.66242213644584E-01	1.15495245124833E-02
1.59531246501465E-02	-9.44135624766343E-01	-3.29170806513827E-01	1.06182204491441E-02
9.90786682537493E-01	1.22569072837869E-01	-5.76070489611514E-02	1.05426121489655E-02
5.58158576072971E-01	2.04212191289689E-01	-8.04211654283159E-01	1.18218391789840E-02
-7.92964018997606E-01	4.82183237386821E-01	3.72434410545438E-01	9.85197182402757E-03
-4.85063363827208E-01	8.71813962943045E-01	-6.82198438152428E-02	1.08940833436471E-02
-6.24061402131500E-01	3.96814694378273E-02	7.80367059372011E-01	1.11186548498958E-02
2.38668528489471E-01	9.65560496355006E-01	-1.03586974988867E-01	1.22133687161876E-02
6.27799781738564E-01	-5.68446784026453E-01	-5.31728960824021E-01	1.04194330933925E-02
-6.96474643343064E-01	6.39864730069527E-01	3.24801783235871E-01	1.24883537909178E-02
-1.03175733842615E-01	-9.93640156991236E-01	4.50999596504092E-02	1.18178565463245E-02
-8.75211485063800E-01	2.96900099173883E-01	3.81909920691979E-01	1.16915132831894E-02
-7.57642830834328E-01	2.02023555441940E-01	-6.20615681345502E-01	1.09871773208186E-02
-6.64543365764691E-01	2.75229755837717E-01	6.94716270515990E-01	1.09844673564170E-02
5.23604521963483E-01	2.98988425263125E-01	7.97774545932664E-01	1.22749641604957E-02
6.68863101428772E-02	4.39371094913984E-01	8.95812068722875E-01	1.19713725323228E-02
7.03408444871653E-01	-3.85078913359147E-01	-5.97436850361090E-01	1.13156329013582E-02
1.01938303999948E-02	-7.19730506405280E-01	-6.94178711839663E-01	1.29637803372427E-02
-8.18744398954746E-01	4.27833704253051E-01	-3.82904597367730E-01	1.35510975417641E-02
9.68864559713177E-02	-7.66361838933706E-01	6.35061057281475E-01	1.10030251034004E-02
-4.86737048738674E-02	-6.66080824767602E-02	-9.96591307308377E-01	1.26183560204965E-02
3.08376049495829E-01	4.26847235149388E-03	9.51254956487024E-01	1.26768510435740E-02
-5.43192655213313E-01	5.60677980877218E-01	-6.24965551916068E-01	1.26975383759243E-02
-6.53987828165397E-01	-5.66076542377557E-01	-5.01853832087965E-01	1.14973355540617E-02
-4.07487267115792E-01	-4.79163144403974E-01	7.77403889997598E-01	1.06228547373459E-02
7.03132286004341E-01	9.95940141692438E-02	-7.04049728868612E-01	1.21737648880546E-02
-5.29391445981078E-01	5.62673533291504E-01	6.34935580870466E-01	1.08547296661844E-02
3.67358195266401E-01	-2.29927128104899E-02	-9.29795295496932E-01	1.22905105589690E-02
4.29187204142038E-01	-3.89843967787378E-01	-8.14751510940933E-01	1.17065595948254E-02
1.54387246130594E-01	-4.94296042671484E-01	-8.55474137792324E-01	1.19492576988965E-02
-3.17567334237986E-01	4.55876790600483E-01	8.31460967223826E-01	1.07135469003914E-02
1.50725946728603E-01	2.66438269796777E-01	9.51993874649656E-01	1.21954657969843E-02
6.10550440671839E-01	3.79610853741819E-01	-6.95071046093008E-01	1.10355362159510E-02
-4.65799194353131E-02	-4.73412676765072E-01	-8.79608292698248E-01	1.12600126095821E-02
1.19733704660765E-01	-9.85120042444789E-01	1.23297777521678E-01	1.31051023768724E-02
-5.40894513515269E-01	3.72007429791259E-01	-7.54349784535781E-01	1.11835848695079E-02
-6.03869247580279E-01	6.56292701936164E-01	-4.52351435514639E-01	1.30299838136498E-02
-5.72936571098032E-01	-7.62108618451577E-01	3.01552879575468E-01	1.03678079825093E-02
-5.65111593205135E-01	1.09663783832050E-01	-8.17693550017847E-01	1.07894108649295E-02
4.68020981250212E-01	-1.25111691436547E-01	8.74816224001060E-01	1.07958929457457E-02
7.39286992133898E-01	-3.88855483927218E-01	5.49769184186729E-01	1.14671048157552E-02
-3.42081427356757E-02	-9.20678027102413E-01	3.88821004295528E-01	1.23738117174227E-02
7.02121473272308E-01	6.98620961345366E-01	1.37674213775851E-01	1.12810325652199E-02
9.62561344422843E-01	2.23890847489949E-01	1.52802312263658E-01	1.24319528898397E-02
-2.05112890447698E-01	9.78475818972006E-01	2.26665802284097E-02	1.02570865653406E-02
-3.95696363388535E-01	-8.60100952661153E-01	3.21948348702807E-01	1.07667164661237E-02
6.26577827596557E-01	-6.42333155835287E-01	-4.41370981011506E-01	1.12685492179742E-02
4.20417930478334E-01	3.92049502563345E-01	-8.18257875777647E-01	1.25240355830130E-02
5.77679200910419E-01	-2.59536581762572E-01	7.73904066123507E-01	1.13563384494881E-02
-6.57244925508721E-01	-3.40549780603258E-01	6.72350321502196E-01	1.26022134870146E-02
1.84330238716616E-01	-2.90979222633436E-01	-9.38804268785733E-01	1.01537124112612E-02
-1.33816472684572E-01	-5.04329939039587E-01	8.53079400892193E-01	9.69625717766163E-03
9.05984229662369E-01	3.61709620711885E-01	-2.19906175191936E-01	1.15852281838880E-02
2.72706416454319E-01	2.16499717901490E-03	-9.62094861857113E-01	9.93610121251905E-03
-9.24683475194473E-01	-3.80335544774707E-01	1.74740974930805E-02	1.42730836532331E-02
-7.98098015512122E-01	-4.30729554104553E-01	4.21321265611532E-01	1.18244886860390E-02
8.25628628482647E-01	5.56812356909407E-01	9.10898843058521E-02	1.11751095738452E-02
-1.94031994037843E-01	9.57527660975369E-01	2.13289389695633E-01	1.26332793636689E-02
4.65703432874673E-01	-5.50492173485292E-03	-8.84923730298514E-01	1.20364010295387E-02
-2.58093747892491E-01	9.59488372877815E-01	1.13003007088703E-01	1.19995775398985E-02
-9.59201336689518E-02	-9.84515708857998E-01	-1.46724731960097E-01	1.21116670956322E-02
3.23376834595243E-01	6.40496952866253E-01	6.96556585078488E-01	1.03846893134142E-02
-2.73936297499230E-01	-5.09279653856126E-01	-8.15838917360894E-01	1.12776776449561E-02
9.86106791762306E-01	-2.81586036049903E-02	-1.63708546763043E-01	8.45460878773091E-03
-3.21082788758457E-02	4.95583215722054E-01	8.67966782038470E-01	1.09691664170798E-02
8.40400926242916E-01	-4.10089361170239E-01	3.54334586267038E-01	9.38720781505237E-03
3.23151517571500E-01	-3.78772312626647E-01	-8.67239662307195E-01	1.26805956622112E-02
8.93724738202650E-02	3.68046421352219E-01	-9.25502238059460E-01	1.15941970088602E-02
-7.82586029500966E-01	-1.32484660203448E-01	-6.08281942228017E-01	1.06675835050582E-02
-8.99729264651248E-01	1.92139995889188E-01	3.91879410418341E-01	1.04940608761863E-02
6.84577853890844E-01	-2.95208872664845E-01	-6.66486971712243E-01	1.18677551137956E-02
5.88661465090986E-01	2.96783523790679E-01	-7.51928998990809E-01	1.07385628282196E-02
-9.42569638258595E-01	2.31263949889487E-02	-3.33208113478462E-01	1.20554290208806E-02
5.42375533432681E-01	-4.19408257518550E-02	8.39088641246481E-01	1.24028731786953E-02
1.29815084464616E-01	-9.45213121074604E-01	-2.99533302979566E-01	1.16753245600022E-02
-1.91996148867545E-01	-5.81740652271217E-01	-7.90389329580738E-01	1.09706587683513E-02
8.29291899532805E-01	-4.43690789821037E-01	-3.39725519202275E-01	1.20880527219248E-02
3.40645161919476E-01	7.03498999208633E-01	-6.23738752823090E-01	1.12476897537707E-02
5.19904879801998E-01	7.98289957648705E-01	-3.04026412463287E-01	1.08982415486733E-02
-8.73747905987343E-01	3.18202163531982E-01	-3.67847767298236E-01	1.14637190306479E-02
5.54324970419670E-01	8.31686398603622E-01	3.19618764619452E-02	1.11121032390127E-02
2.82826882519245E-01	-2.91147855484658E-01	-9.13915685810857E-01	1.10155397101794E-02
-3.34751004185293E-01	7.59437784365836E-01	5.57849457178589E-01	1.15112287285370E-02
-2.70003512448683E-01	-6.15114488247690E-01	7.40764651973320E-01	1.13009797324501E-02
-3.98913345952543E-01	6.78244666350948E-01	6.17132331827977E-01	1.14473026246236E-02
1.33998576938636E-01	-8.28944283753020E-01	5.43043051526866E-01	1.20496923339068E-02
6.19265740786121E-01	-7.04889283064247E-01	-3.45891660653719E-01	1.19170452984878E-02
-3.49977391330852E-04	-7.99422192095708E-01	-6.00769536761575E-01	1.32488752631994E-02
7.24872096548585E-01	1.32895313063171E-01	6.75943251620355E-01	1.12547417229005E-02
8.25849247709845E-01	-5.27093659645469E-01	2.00362905795027E-01	1.24723714606646E-02
4.67885014440234E-01	4.69932513829833E-01	-7.48496523510854E-01	1.11578101615525E-02
1.66739989707019E-01	-9.82778725309428E-01	-7.96476798888585E-02	1.13308640193963E-02
7.69358913858453E-01	4.26106361656728E-01	-4.75941414695344E-01	1.19212064158233E-02
8.01538259258870E-01	-5.71747211476260E-01	-1.75047265369611E-01	8.50309641739778E-03
3.34616044869542E-01	-5.61453936217368E-01	7.56836560970654E-01	8.81231375862971E-03
-1.50309856516284E-01	-9.87364461122660E-01	-5.01833433124211E-02	1.07148549726507E-02
-8.27105768111775E-01	5.59059367471676E-01	5.78677111902593E-02	1.22430172101950E-02
8.25221966641310E-01	1.99433406108445E-01	-5.28426931846430E-01	1.30527150195727E-02
-7.52361207063090E-01	6.39856610194376E-01	-1.56640136928986E-01	1.18779376549037E-02
1.94192867446130E-01	-2.98991964184081E-02	9.80507607459821E-01	1.14038861218391E-02
9.68391555515125E-01	4.55154237776245E-02	2.45247102746062E-01	1.15575422200658E-02
-4.52522937512389E-02	7.53023335852124E-01	6.56435896011476E-01	1.12445668328826E-02
8.52291819800582E-01	-5.16687449517057E-01	8.14415951008396E-02	1.23908771286723E-02
-9.18192743903019E-02	1.36316399589329E-01	-9.86401064503399E-01	1.27769306349303E-02
6.09694074458810E-01	-1.00235651278447E-01	-7.86273457381463E-01	1.15472314122164E-02
-3.54986449325785E-01	6.95526068676014E-01	-6.24682406177058E-01	1.16503103315620E-02
7.82988948723985E-01	2.95917448632621E-01	5.47139077174047E-01	9.27182831254256E-03
-5.30627075041721E-01	-1.80006525544649E-01	8.28270824063005E-01	1.38228438163423E-02
-4.64083314656559E-01	8.84771257559946E-01	4.25029275835377E-02	1.15738483825778E-02
7.64320547798069E-01	6.41259224799107E-01	6.78285104045993E-02	1.07067624307683E-02
9.00111728793419E-01	-2.23261446754980E-01	3.74103197101273E-01	1.05804991915783E-02
-4.79648193982382E-01	5.06614139432555E-01	7.16435428867424E-01	1.11396008705113E-02
-1.73152697172169E-01	-9.74341296054186E-01	1.43795626725751E-01	1.00634472959873E-02
-5.56109547832506E-01	-6.17084387256676E-01	-5.56730661822732E-01	1.12558949471895E-02
-2.45939438422488E-01	2.88061370208490E-01	9.25491458427379E-01	1.18270353642415E-02
6.97541162627937E-01	-6.21456647519061E-01	-3.56690288196966E-01	1.08166869500247E-02
-2.50841021838081E-02	-2.23646077628691E-01	9.74347586736342E-01	1.15847624115300E-02
3.12408466799445E-01	7.76731211950998E-01	-5.46890824802494E-01	1.17151845581327E-02
7.15252993443702E-02	-9.97297414033415E-01	-1.67928412116603E-02	1.17687418287628E-02
5.29598369246948E-01	8.27497072216208E-01	-1.86478317143241E-01	1.19160968599175E-02
-4.53722232117768E-01	-4.81229693215291E-02	-8.89842860231933E-01	1.22199715919007E-02
7.25781636960186E-01	3.69542581132483E-01	-5.80240722615479E-01	1.22563167605815E-02
4.63579562926006E-01	8.29572579199870E-01	3.11292988480318E-01	1.12425012506284E-02
-3.32777813994309E-01	-8.43280772707806E-01	4.22062157619577E-01	1.13345946892396E-02
-4.49233474956039E-02	-6.68228028209380E-01	7.42598946380341E-01	1.07688926461775E-02
1.73386252966871E-01	-2.69659785718839E-01	9.47217402314895E-01	1.32897126103939E-02
9.69456932670762E-01	-2.43228892765043E-01	3.15112903716717E-02	1.14325395384295E-02
-2.56875753314460E-01	7.50963902384429E-01	-6.08332199274933E-01	1.12868789604409E-02
1.30433212338320E-01	-5.49721220835270E-01	8.25102270317132E-01	9.73428515192624E-03
5.51183285023359E-01	7.94369772736996E-01	2.55291305125399E-01	1.17734121950016E-02
-6.93503837155988E-01	-4.10989841961298E-01	5.91726100197166E-01	1.08983052881492E-02
3.46625054305961E-01	-1.80090488967092E-01	-9.20553359404539E-01	1.33150100262521E-02
-1.56693324309376E-01	-9.57802016943698E-01	-2.40961611995479E-01	1.07433468208591E-02
-6.95998526671515E-01	-6.61617905472547E-01	-2.79012182582049E-01	1.25888697006825E-02
3.71512034009486E-01	9.25703189032636E-01	-7.10803376535393E-02	1.20504200811917E-02
-4.96335666645848E-01	7.58112375839534E-01	4.22985261698511E-01	1.24844133410888E-02
-2.85689518868789E-02	8.51163685093918E-01	-5.24122310310699E-01	1.18144790478453E-02
1.28090239534952E-01	4.56002102619798E-01	-8.80712764153104E-01	9.24366688645962E-03
7.34204185301947E-01	-2.96275555585348E-01	6.10872334819392E-01	1.24163802137551E-02
4.24445090677984E-01	-1.06822293835973E-01	-8.99130336791601E-01	9.98820985401913E-03
-4.33834012179561E-01	3.96892979807760E-02	9.00118219736706E-01	1.19420512859044E-02
-1.39850026216383E-01	6.36881138106405E-01	7.58171739180224E-01	1.20534245614411E-02
2.89590337012357E-01	5.64414270419102E-01	-7.73029086164513E-01	1.11529033396195E-02
-3.99394202634055E-01	-9.13891466834896E-01	-7.27094061911450E-02	1.45493394530353E-02
6.23937280108654E-01	7.18171449789961E-01	3.08110433444244E-01	1.11707610231459E-02
2.34790801678122E-01	1.96767659748648E-01	-9.51922143625404E-01	1.22375856470800E-02
5.43426349495362E-01	5.86392329973740E-01	-6.00692798377100E-01	1.17735607720988E-02
-3.91089292463685E-01	8.49214452571160E-01	-3.54801323087326E-01	1.04349299839502E-02
-8.18790688425417E-01	2.18308503624123E-01	-5.30964411042045E-01	1.08325288939764E-02
9.85020344442372E-01	7.40711199772733E-02	-1.55718946245930E-01	1.22579494483111E-02
-3.92934977721255E-02	3.93886321288719E-01	9.18318891744295E-01	1.15914023675175E-02
-1.43193858565810E-01	-2.41000098945528E-01	9.59903365541177E-01	1.17433598517134E-02
-5.16045693068448E-01	2.27953862569353E-01	8.25671774499538E-01	1.04898805827628E-02
-6.87675619714760E-02	1.75323327929140E-01	9.82106284016322E-01	1.06082272770931E-02
3.64460646035622E-02	-9.91660576616791E-01	-1.23616281933112E-01	1.25292871992435E-02
-4.74017349424559E-01	-1.64075116804035E-01	-8.65093583660320E-01	1.10008336671079E-02
-1.93290666374857E-01	-2.15045471558277E-01	-9.57284787017239E-01	1.19086206213963E-02
-3.52968687187412E-01	-2.54580136805925E-01	9.00334415541842E-01	1.22343532687240E-02
-1.81312761816597E-01	4.44227904640816E-01	-8.77375205451389E-01	1.11128959682918E-02
2.59901540393569E-01	-8.09880618727711E-01	-5.25875054276458E-01	1.12239406258380E-02
-8.03242089426377E-01	5.92694068326983E-01	-5.92949166788914E-02	1.20632826307111E-02
-5.48081531428745E-01	4.71516891571330E-01	-6.90853425749363E-01	1.06563858086639E-02
5.96195821123707E-01	-7.86766661145785E-01	-1.59839806631958E-01	1.03946576823205E-02
6.63981147528958E-01	5.94968774069451E-01	4.52925152324776E-01	1.08234996321880E-02
5.85730991477511E-02	7.14282473299495E-01	6.97402136785788E-01	1.27691735854385E-02
-5.06724027888822E-01	3.77991159889724E-02	-8.61279273169034E-01	1.01179656956225E-02
1.81146556696308E-01	-9.28365283226793E-01	3.24536324463545E-01	1.05411803950806E-02
-8.13739572674916E-01	-4.52344747688619E-01	-3.64982379165575E-01	1.14206094791866E-02
-1.60194554403436E-01	2.38972766953330E-01	9.57721108357831E-01	1.14997949574554E-02
5.31148033401583E-02	3.30145580204095E-01	9.42434461136602E-01	1.07311629728986E-02
-4.46173210634453E-01	6.30290667531188E-01	-6.35344898881885E-01	1.04320055890777E-02
8.49020753511760E-01	-5.71990418986373E-02	-5.25254252445614E-01	1.31394644468973E-02
-5.75098119644312E-01	-3.60012627772221E-01	7.34610822562610E-01	8.92241508968990E-03
7.35427839187490E-01	-1.91530294046097E-01	-6.49970799198420E-01	1.14643109053471E-02
3.97160792977248E-01	6.08391111925489E-02	9.15730258903234E-01	1.14434494129500E-02
-7.23182720716761E-01	3.26692323118955E-01	6.08505446542463E-01	1.17905808486593E-02
-4.72632199259015E-01	1.38062557223168E-01	8.70377811365033E-01	1.13100059087381E-02
-9.78427284642234E-01	1.27125310073881E-01	-1.62847180528994E-01	1.22641407807695E-02
-6.03386359366635E-01	-5.86995653180346E-01	5.39778662488298E-01	9.77582915244388E-03
7.74642500871411E-01	6.06504112884504E-01	1.79113809902713E-01	1.15699912984677E-02
3.72687383891969E-01	-9.83415398433090E-02	9.22731301858242E-01	1.29624477107052E-02
8.52563022781671E-01	3.78952039293814E-01	3.59905048728742E-01	1.23475726571204E-02
-3.74982754625409E-01	-7.16194458063632E-01	-5.88602949340622E-01	1.15562233636386E-02
-7.72133662634231E-01	4.11322875620713E-01	-4.84379086066021E-01	1.13516699026117E-02
8.29327865706074E-02	6.33592606323122E-01	-7.69209049689554E-01	1.10192563222029E-02
-5.90550249512532E-02	7.37451149075973E-01	-6.72813723666910E-01	9.97288994595958E-03
4.28801327692328E-01	6.03052744435901E-01	6.72649097819675E-01	1.33998124780838E-02
5.22802563631143E-01	-1.04272007969247E-01	-8.46052497079681E-01	1.14444350784314E-02
6.67116688008920E-01	-3.79526115102363E-01	6.41026717489463E-01	1.11785255781817E-02
-6.40200553469830E-01	-7.47997958144722E-01	-1.75049438583069E-01	1.05735295606016E-02
4.39992255236749E-01	8.64377222841492E-01	-2.43431370132339E-01	1.27481240449530E-02
-3.76959449337732E-01	5.20025313816814E-01	7.66469338293918E-01	1.23666411045515E-02
4.51974500331912E-01	-4.80756522290098E-01	-7.51393516957158E-01	1.16899992137565E-02
7.05374689172250E-01	5.39019470303239E-01	-4.60330922825271E-01	1.34764931447852E-02
1.99763387464285E-01	-9.04439296727827E-01	-3.76940509315814E-01	1.02446826947630E-02
6.52748288429954E-01	-1.65618877468541E-01	7.39249659707615E-01	1.27264778934704E-02
-5.58567717286960E-01	6.78780536979321E-01	4.76716989232498E-01	1.09162286650380E-02
9.71046651817711E-01	1.85321553596843E-01	-1.50745884740065E-01	1.14719655032331E-02
-4.60322371743100E-01	-7.77393773508275E-01	-4.28674975923918E-01	1.15258827301467E-02
-3.78475655788521E-01	-1.29013794196718E-01	-9.16576030061017E-01	1.19742993362568E-02
3.18200797645360E-01	-8.84860098574883E-01	-3.40251169473234E-01	1.26664288533273E-02
-7.62660357550150E-01	4.46585929380847E-01	4.67878388794054E-01	1.18749807022234E-02
-2.25412635804493E-01	-9.73369336079321E-01	4.17286376505633E-02	1.30682977110232E-02
5.55342349645340E-01	8.28026277663277E-01	-7.72486775905458E-02	1.16307748827818E-02
-5.88711242953882E-01	7.80963312952038E-01	2.08603394609657E-01	1.17773524101844E-02
-8.81190742773661E-01	-4.53506226105890E-01	1.33547660904996E-01	1.18403173907285E-02
-6.29838092397638E-01	-6.89347547219927E-01	3.57916102608940E-01	1.26648426351832E-02
6.37603308458471E-01	5.46709862856421E-01	5.42743352698422E-01	1.22155915742346E-02
3.49981754585535E-01	3.50503470231511E-01	8.68711740920368E-01	1.17226384862137E-02
9.55837243697988E-01	1.47532967956575E-01	-2.54183372638250E-01	1.10473744485351E-02
9.63908749356676E-01	1.44942315130926E-01	2.23319609972198E-01	7.98529622122602E-03
8.56272054994662E-01	4.16163394982157E-01	-3.05951297614738E-01	1.18615449386857E-02
-3.33515844155231E-01	-3.26947890837441E-01	-8.84235408912338E-01	1.23574299845306E-02
-6.34051865683115E-01	-7.42541323409631E-01	2.15894915764203E-01	1.12485277266092E-02
1.45592906863711E-01	-6.30774379940432E-01	7.62185270837568E-01	1.10364345629316E-02
6.16740957139470E-01	-3.83953117507472E-01	-6.87175811086932E-01	1.14624207908974E-02
7.25659285260731E-01	1.93062005455042E-01	-6.60413252262976E-01	9.99608422354446E-03
5.05370803753332E-01	-8.32307894762604E-01	2.27736512288987E-01	1.06737114675967E-02
3.10819080356201E-01	-4.78785155354232E-01	8.21070200591245E-01	1.26945744030803E-02
8.59515775504600E-01	-4.90214986485012E-01	-1.44644041302170E-01	1.20999591739796E-02
2.89612940691814E-01	-8.52097214987561E-01	-4.35952613014626E-01	1.11802723785420E-02
-2.65969441411565E-01	-8.50162010818777E-01	-4.54405998635353E-01	1.28389461802572E-02
2.61322459584490E-01	4.17069728440224E-01	8.70496073360190E-01	1.20801719940790E-02
-7.53654384120202E-01	9.62539106410440E-02	6.50184784490304E-01	1.13372255041189E-02
-4.97792809762027E-01	6.51970171174280E-01	5.71959102076543E-01	1.19419655690669E-02
-7.19277417536435E-01	6.43119078867970E-01	-2.62750541423094E-01	1.13584711483716E-02
7.51702926144627E-01	6.15615963424069E-01	-2.36558019105376E-01	1.15636182247527E-02
-1.57825476200871E-01	7.18631071729474E-01	6.77244787212803E-01	1.36912657108200E-02
3.32683264021141E-01	8.64447236049104E-01	-3.76898954531984E-01	1.01122763310216E-02
-6.48837948389470E-01	7.60714070358599E-01	-1.79838785637118E-02	1.15224246009003E-02
-5.28855848275523E-01	2.58068909574373E-01	-8.08524538685048E-01	1.34888398159989E-02
-4.60080609157285E-01	5.40126166685353E-01	-7.04691107606195E-01	1.13799515738697E-02
-8.67629492720336E-01	1.19818909451894E-01	4.82558278656175E-01	1.27015636513233E-02
-9.55493378388538E-01	-2.46219007327152E-01	1.62507243796971E-01	1.11241537657985E-02
4.24654011720009E-01	-7.08571421839892E-01	-5.63556128954246E-01	1.14780739217108E-02
-3.53863637049420E-01	3.11773822521528E-01	-8.81803611902599E-01	1.29828288855407E-02
8.67002987885582E-01	2.55781350649324E-01	-4.27646722958891E-01	1.17732177956870E-02
-4.36753958895483E-01	7.10776887111055E-01	-5.51400214125675E-01	1.24489573915974E-02
6.81644473281559E-01	6.69487873449740E-01	-2.95206367391441E-01	1.15365275347152E-02
-6.99392356526767E-01	3.71950387130180E-02	7.13769473098333E-01	1.00779416530608E-02
7.80276884058040E-01	1.16261184257969E-01	-6.14533417512513E-01	1.27321813477075E-02
1.73655452046551E-02	7.91448881014196E-01	-6.10988630484333E-01	1.12660939188823E-02
6.79229290101501E-01	2.37590771200970E-01	6.94404922871618E-01	1.28287862053804E-02
2.49846473612496E-01	8.42214511731516E-01	4.77756691059625E-01	1.06931436024510E-02
5.06287785559779E-01	-6.75412901541518E-01	5.36181024118013E-01	1.16445177156761E-02
9.42333492614370E-01	3.33316760565002E-01	-3.01251692718230E-02	9.59814805389434E-03
-2.70803848497601E-01	-9.29943730298082E-01	-2.48736676262619E-01	1.26757796317153E-02
-2.99027882502463E-01	-5.97631220502378E-01	-7.43921534684223E-01	1.37622351661940E-02
-3.00348703576928E-01	9.53773240728929E-01	-1.03567142035502E-02	1.03224122424389E-02
1.46311121694769E-01	-1.27764808590938E-01	-9.80953214661198E-01	1.25281615530616E-02
-9.22739792447353E-01	-4.19794076385863E-02	3.83130532284400E-01	1.25988789439284E-02
-2.90449169106258E-01	-3.51406323454543E-01	8.90029705123174E-01	1.08358359554511E-02
3.77678988523853E-01	-9.25861366953788E-01	-1.18030000449487E-02	1.12047578531686E-02
-7.22943355411684E-01	5.55209753783605E-01	4.11211665896825E-01	1.14589843708700E-02
1.10164951249639E-01	5.47577709199190E-01	-8.29471118185758E-01	1.21571819965656E-02
8.49530898838976E-01	-3.19213757032898E-01	4.19999796712786E-01	1.23415996309122E-02
-5.09156269184471E-01	-7.95846427946656E-01	-3.27701627513043E-01	1.28468690279629E-02
-4.85148302301045E-01	3.29967936673654E-01	8.09785332999891E-01	1.11267863907830E-02
-7.86162401468744E-01	-6.06963582162948E-01	-1.16378212930162E-01	8.71662909915988E-03
-7.88753545461348E-01	2.59311751108796E-01	5.57337653724420E-01	9.59197448535773E-03
4.29162075578563E-01	-5.27085243287688E-01	7.33485554863528E-01	1.33380336194182E-02
-9.25918967404827E-01	-3.51016567163862E-01	1.39504248596507E-01	1.22157777477094E-02
2.74675057753551E-01	-9.92629283101756E-02	-9.56399750999221E-01	1.16061190425222E-02
-5.71363933371126E-01	7.30063560407955E-01	-3.74900591366744E-01	1.11996363165059E-02
2.44963661062570E-02	1.09122610456467E-01	9.93726413020582E-01	1.28276835918597E-02
5.09429948118631E-01	-4.47413568153083E-01	7.35052533491569E-01	1.07724704193253E-02
-8.17808602721595E-01	-6.58517443768662E-02	5.71710273720068E-01	1.33797663864562E-02
-2.21651564519974E-02	-9.03874492488332E-01	-4.27223135689556E-01	1.14920483460130E-02
-6.92534400903045E-01	-2.24444151257280E-01	6.85580722112471E-01	1.20050836464438E-02
8.06347941034777E-01	-5.03412945975576E-01	3.10448713660028E-01	1.26566826654518E-02
1.92669815541888E-01	-4.66301105626580E-01	8.63389611398286E-01	1.23026238300850E-02
1.63899810450708E-01	9.78954604129831E-01	1.21592496426494E-01	1.24686258516758E-02
-6.99083925073953E-01	7.11417624765857E-01	7.18792659652321E-02	1.24470953460442E-02
-8.81911060814683E-01	-4.35773893550518E-01	-1.79816557948760E-01	1.10606074103734E-02
3.32194614522629E-01	-9.12364145878531E-01	-2.39245487726515E-01	1.00813015825653E-02
-6.65978557828519E-01	-5.95677561776739E-02	7.43588759286073E-01	1.17579367647636E-02
-1.28037391040944E-01	9.05402392396358E-01	4.04787517517991E-01	1.18502315040739E-02
6.64116994472478E-01	-2.70379172433100E-01	6.97024906848553E-01	1.13261171148001E-02
7.28906672175502E-01	-1.84105345177887E-01	6.59393877083314E-01	1.08212311613643E-02
-4.89429837868525E-01	-4.15880274174730E-01	7.66486810947416E-01	1.20687052363256E-02
6.46649447071823E-01	4.38810345911221E-01	-6.23931064239455E-01	1.07549960405957E-02
-7.58378311708576E-01	5.56636591794427E-01	-3.39143098124572E-01	1.42977265660171E-02
9.24892294775576E-02	-9.06946807602972E-01	-4.10966215897881E-01	1.29590531400809E-02
-5.07201424507536E-02	-8.65740856892831E-01	4.97915892351550E-01	1.24885193711387E-02
6.78132748436612E-01	4.06440333496397E-02	7.33814716431116E-01	1.22489294625381E-02
9.05516928319376E-01	4.15059600397374E-01	-8.81170848644763E-02	1.33745022186168E-02
1.49655547333754E-01	8.63260163907310E-01	4.82063384383171E-01	9.61068884347459E-03
-8.44028061569496E-01	-7.17555344819852E-02	-5.31476974623024E-01	1.24023493627958E-02
7.07260947071887E-01	-6.85595791542914E-02	7.03620307305838E-01	1.16385315300685E-02
9.37446453367669E-01	-3.21916290148020E-01	-1.32529427697074E-01	1.15498175438587E-02
-7.52173253245792E-01	6.18434437745087E-01	2.27539542305416E-01	1.19668939377141E-02
1.01802412763452E-01	-2.27175158450852E-01	-9.68518309655718E-01	1.14739392224475E-02
-4.33356474024920E-01	5.91461270959475E-01	6.79982155189156E-01	1.17152525234961E-02
-3.97126660108090E-01	-2.39694214649946E-01	-8.85910322377348E-01	1.08825257120493E-02
-8.38524396152082E-01	-5.24794890436668E-01	-1.46516756821022E-01	1.18093849229070E-02
4.35374343015601E-01	2.70034451791901E-01	8.58796003885195E-01	1.08762789408933E-02
-1.60171922050434E-01	-1.03689701994324E-01	-9.81627934141545E-01	1.05701223628541E-02
-6.94984483745549E-01	4.93720880100630E-01	-5.22720058832249E-01	1.32099769751217E-02
-7.02912134231643E-01	-4.66749590908183E-01	-5.36711608722002E-01	1.17982942246872E-02
-2.14909275054250E-01	-3.19466759172293E-01	-9.22905733690937E-01	1.20482389399133E-02
8.80102582004971E-01	-3.44657400886570E-01	-3.26543597644014E-01	9.94436794921347E-03
-8.32490871087163E-01	-1.61049535349046E-01	5.30115078752144E-01	9.77136421728688E-03
9.19840644993529E-01	-3.35393119811964E-01	2.03481308725602E-01	1.13689073479448E-02
8.92043175259022E-01	-4.27343263187576E-01	1.47094217704145E-01	1.14767091541519E-02
4.86548499592063E-02	2.67921422521789E-01	-9.62211420078429E-01	1.23482474669936E-02
2.70367742361582E-02	-1.50804346180020E-01	-9.88193838278765E-01	1.08319914756382E-02
-4.58224469257831E-01	-8.70100373414563E-01	1.81536982340280E-01	1.27111051416769E-02
-2.73898862958461E-01	-9.50002844107212E-01	1.49913338493506E-01	1.22500551594531E-02
5.80355732974262E-01	-8.13416840626628E-01	3.92462302508251E-02	1.05797697695222E-02
7.00731144487337E-01	4.66294837707038E-01	-5.39949060072552E-01	9.32228299534291E-03
-3.64659636624556E-01	-6.47214412219070E-01	-6.69430245830563E-01	1.08331468955915E-02
-7.41999582995166E-01	-5.13775654536948E-01	-4.30663668818405E-01	1.13420225594901E-02
-5.76279416177814E-01	1.36457349371488E-01	8.05780011102450E-01	1.20066955045520E-02
4.48358162885906E-01	3.74432298734353E-01	8.11649808376791E-01	1.18922309481890E-02
5.97098606056936E-01	-4.54012231303303E-01	6.61321516716233E-01	1.05311989253035E-02
-7.78203240225082E-01	-4.18070402893441E-01	-4.68632964192338E-01	1.16737170190009E-02
-6.68204856957031E-03	-1.09388712224426E-01	9.93976589193525E-01	1.19037308601446E-02
-7.37112059251669E-01	9.48958335067602E-02	-6.69074430006721E-01	1.14171743761537E-02
2.55905677555654E-01	7.19502834239953E-01	6.45622146239931E-01	1.29555809400011E-02
5.71652749197713E-01	6.91136501840412E-01	-4.42202973936736E-01	9.57855387375516E-03
8.76994472551935E-01	4.21476080421939E-01	2.30734931784313E-01	1.17207401172526E-02
1.08795704695555E-01	-8.18914606336486E-01	-5.63508972571471E-01	1.19696078205842E-02
-6.75784785629567E-01	7.23752690294390E-01	-1.39631539428711E-01	1.27303884601266E-02
-6.86030559135445E-01	2.02055043511616E-01	-6.98953382797326E-01	1.19196375442596E-02
1.44291105545759E-02	-9.96759372342930E-01	7.91363027638453E-02	1.17489506113864E-02
1.51696116175737E-01	7.44374787600110E-01	6.50303362994908E-01	8.25501037996880E-03
-4.57712633260089E-01	4.47425936180972E-01	-7.68315805503632E-01	1.25626183377587E-02
8.25298679648793E-01	2.03183992093403E-01	5.26876033547689E-01	1.17432393975888E-02
4.11960635944983E-01	7.42669942918600E-01	5.27948662577231E-01	1.13633675377689E-02
5.25372520986520E-01	-5.28740967717670E-01	6.66645860445595E-01	1.07591495464825E-02
-6.30163057268354E-01	4.79456983535958E-01	-6.10749967001882E-01	1.12256468168008E-02
5.97811651441754E-01	-2.90938568459181E-01	-7.46977897118385E-01	1.15649287506997E-02
-4.15630761698030E-02	6.62853005891232E-01	-7.47595079759264E-01	1.26785980667834E-02
1.94589391969322E-01	-7.74297319159421E-01	-6.02161631188455E-01	9.99682901286464E-03
2.50227539276463E-01	9.43858279383154E-01	-2.15679686172613E-01	1.21842828821326E-02
7.44124975426264E-01	5.43765698650568E-01	3.88068145971709E-01	1.19574488915370E-02
9.42565574390058E-01	3.06856800346263E-01	-1.31943328956005E-01	1.14575602482770E-02
2.08332397139839E-02	1.57608598596022E-01	-9.87281877566694E-01	1.07302730263075E-02
5.15037827891325E-01	-8.31313917368809E-01	-2.08933498103844E-01	1.16911820040198E-02
-5.70955657966607E-01	4.51303593809319E-01	6.85809523738706E-01	1.11315261549926E-02
-8.68389003314536E-01	3.97558472254128E-01	-2.96391295522236E-01	9.52169174663033E-03
-7.61402271497911E-03	-2.59409799359825E-01	-9.65737325909168E-01	1.14162435473823E-02
9.66819603960931E-01	-1.46472232830083E-01	2.09298204499221E-01	1.10251847677559E-02
5.50702499268397E-01	-4.70218181243780E-01	-6.89653260216561E-01	1.15506890076110E-02
-3.79701731776953E-01	-8.99501070540650E-01	-2.16158319251900E-01	1.26313462300722E-02
5.24753226367900E-01	-7.28943318071806E-01	4.39631311959173E-01	1.23570197419994E-02
2.34153293829531E-01	-1.96556972133789E-01	-9.52122676809232E-01	1.12881107521018E-02
-9.23220718697588E-01	2.19049546702022E-01	-3.15722664148690E-01	1.22291311061684E-02
6.06443719181154E-02	-4.33659796718441E-01	-8.99033614980428E-01	1.13064724228305E-02
-7.21745710932768E-01	-4.77639564134997E-01	5.00942686864557E-01	1.26788648168642E-02
3.08600605744678E-01	-9.49185019787966E-01	6.17532537129388E-02	1.22625319769830E-02
3.52163032010711E-01	-4.76888764375110E-01	-8.05331177403310E-01	1.11425146892445E-02
-3.74531896441286E-01	1.30478414575343E-01	9.17987604425026E-01	1.11186508229581E-02
-4.37844489467436E-01	2.52558429753421E-01	-8.62847867589348E-01	8.47258055822588E-03
-9.59225066524734E-01	2.64329346060692E-01	1.00086305565468E-01	1.13960163466894E-02
-7.74959793973125E-01	-6.06584927864730E-01	1.77459975804323E-01	1.15257622456044E-02
-5.06309413821296E-02	-9.69087885140927E-01	-2.41464652998826E-01	1.14216748831103E-02
2.46755620259006E-01	-9.55987421475722E-01	-1.58744177376027E-01	1.22437765594414E-02
-2.44208720680604E-01	3.97386600747890E-01	8.84559772027633E-01	1.20481496792714E-02
9.57677961991809E-01	2.80830939081970E-01	6.31419414458718E-02	1.07376023838366E-02
-3.07152150369964E-01	-1.52557968406694E-01	9.39352768026330E-01	1.13412620112401E-02
5.02347780818687E-02	9.89342549247044E-01	1.36666701578787E-01	1.10906906220833E-02
-8.27183437931935E-01	3.13610384628296E-01	-4.66278979436555E-01	1.15382663971610E-02
-8.35602711692133E-01	4.75590124994703E-01	2.74922063902256E-01	1.25513197050429E-02
-8.88069402354149E-01	-4.54978138668458E-01	-6.57847241852480E-02	1.16782753345878E-02
-8.57055903174048E-02	-1.78718619132261E-01	-9.80160296565721E-01	1.18895588982361E-02
-4.11669772661846E-01	6.16589914913061E-02	-9.09244833389125E-01	1.25376359621904E-02
3.76741403295688E-01	8.86771044138905E-01	2.67774215188077E-01	1.07748479095978E-02
-2.27309791530385E-01	8.15466610494009E-01	-5.32301104492395E-01	1.25760550942720E-02
-5.37530703160594E-01	8.34093627387307E-01	1.23889321216804E-01	1.13777773498325E-02
3.34097342200265E-01	9.00158366975421E-01	-2.79452823028970E-01	1.11190609087239E-02
7.94605474423187E-01	-6.02322072075523E-01	-7.62250713830410E-02	1.21039614664771E-02
-1.09921588923701E-01	-7.96199814850476E-01	-5.94964788135025E-01	9.98156119472535E-03
2.57590890547050E-01	9.45321776786701E-01	2.00034175680085E-01	1.28378688592890E-02
9.71588294685899E-01	-2.23405306233657E-01	-7.81425285999384E-02	1.17454226314389E-02
4.33024914852360E-03	9.68505187659472E-01	2.48955719795714E-01	1.05606472149294E-02
-7.11091799370686E-01	4.25610954466830E-01	5.59646109881586E-01	1.15837970780419E-02
6.92697199015885E-01	6.98344897321065E-01	-1.80235942201264E-01	1.25035438755135E-02
-9.84395954250523E-01	1.44955488855753E-01	9.97622749629885E-02	1.30719999973309E-02
8.58642943497111E-02	8.37781843379645E-01	-5.39211374007661E-01	1.13237372495352E-02
-4.20202060241904E-01	-1.56158863441719E-01	8.93892967830628E-01	1.21280570002587E-02
3.01167203193512E-01	7.75347651000730E-01	5.55098491988807E-01	1.12057246929626E-02
-3.82116349744025E-01	-5.78223530337433E-01	7.20863818083843E-01	1.10743430051603E-02
2.68437999501214E-01	8.46160464426363E-01	-4.60384088414821E-01	1.14348341160412E-02
8.29497250638271E-01	-2.65118065474238E-01	-4.91575754632737E-01	1.13334947468115E-02
-2.13177083068217E-01	3.98469201700103E-02	9.76200673123866E-01	1.12372391426775E-02
-2.31063215635656E-01	9.55387625622135E-01	-1.83968136339444E-01	1.11800192236293E-02
-8.30868658161169E-01	4.88691218844911E-01	-2.66154401634339E-01	1.17512181365497E-02
7.74901401654958E-01	6.19959756938718E-01	-1.23197879404095E-01	1.08069760047777E-02
8.98312867803871E-01	-6.97632396251130E-02	-4.33782297858029E-01	9.43277137987382E-03
-5.29373756411881E-01	-8.44000031084597E-01	8.61822113406952E-02	1.22662640718359E-02
2.83227164072114E-01	9.08560278178778E-01	3.07084018547642E-01	1.05315321991105E-02
-9.78272809902935E-01	2.06828405949041E-01	1.42940511120489E-02	9.48699982874855E-03
-1.52880384613207E-01	3.33116109250479E-01	-9.30409181897051E-01	1.44165759560219E-02
-2.06547089073938E-01	8.77692499090792E-01	-4.32428233392365E-01	1.27274732601502E-02
-9.58932859038659E-01	1.98312125940351E-01	2.02780848604992E-01	1.14945460309409E-02
7.46909279242886E-01	-6.30055657093193E-01	2.12500347166154E-01	1.40587718225760E-02
7.55397660557619E-02	9.04662768058376E-01	4.19379326902502E-01	1.14370584105753E-02
-2.07022524113862E-01	-5.55991607054042E-01	8.04993793389109E-01	1.14624332866700E-02
5.89967244165326E-01	-3.57860023033926E-01	7.23791996865209E-01	1.22188096600065E-02
-2.27766810277590E-01	-1.84160061618593E-02	-9.73541540383880E-01	1.24506512159563E-02
4.47764040609877E-02	7.14363104527497E-01	-6.98341197788876E-01	1.18796304296209E-02
3.82764930555028E-01	-5.70280274692182E-01	-7.26822823137945E-01	1.33910513301701E-02
-1.09437783842192E-01	9.93651190879695E-01	-2.60898894415541E-02	1.13704479548007E-02
7.26329790184209E-01	-4.78065011610324E-01	4.93861195646086E-01	9.17271545415221E-03
-4.87584496717018E-01	-5.10614920141859E-01	7.08190484184681E-01	1.22497162530279E-02
1.19225936913190E-01	-5.85538656182072E-01	-8.01828945650919E-01	1.10246232412263E-02
-8.75715492777542E-01	-4.81662963498013E-01	3.35136584648082E-02	8.89908748565458E-03
-7.67338149353175E-01	3.16786756404407E-01	-5.57528757566834E-01	1.22538153091178E-02
-4.50285621180290E-01	-2.48544172872996E-01	8.57594690683867E-01	8.64936829596636E-03
-1.12500507016678E-01	-9.63481455173910E-01	2.42996134654346E-01	1.17105220697674E-02
7.90142236210349E-01	4.78396828822822E-01	-3.83160176334616E-01	1.08487431491787E-02
3.01064954741320E-02	9.86608917203857E-01	-1.60301102379547E-01	1.18653290894957E-02
3.82759078412377E-01	-2.90643036450440E-01	-8.76939059031911E-01	1.06324683031407E-02
-2.40246805665374E-01	-4.15854282953104E-01	-8.77124100522350E-01	1.12373368604853E-02
5.65961175136702E-01	4.22106493724724E-03	-8.24421088309050E-01	1.19622026501974E-02
-3.42063003681338E-01	-2.74911904232050E-02	-9.39274792572235E-01	1.09406517933238E-02
-8.83100513441329E-01	4.26366096057498E-01	1.95819905250584E-01	1.09848486144796E-02
-1.32889699794020E-01	4.45502883371004E-01	8.85362924792300E-01	1.26390360060349E-02
4.87885295576899E-01	-2.33391971699044E-01	8.41127889150201E-01	1.19817220611015E-02
8.33141732182559E-01	3.69688214587369E-01	-4.11345934817698E-01	1.18457774372522E-02
-6.20852628039646E-01	-5.15429707072711E-01	-5.90655763811039E-01	1.16737348978409E-02
5.19258814744558E-02	-2.99388453055579E-01	9.52717301727058E-01	1.22314511045260E-02
9.86568488083094E-01	9.02391140245300E-02	1.36159908275179E-01	1.26966066408833E-02
4.88589082272011E-01	-2.95254296210855E-01	-8.21039346958248E-01	1.17095719387776E-02
3.45160908162711E-01	1.95974808702265E-01	-9.17855011333709E-01	1.14254804419090E-02
-5.29387596834797E-01	-5.49887026240491E-01	-6.46044139892830E-01	1.18451608672532E-02
-3.31948245871143E-01	-4.31064665869737E-01	8.39043274153176E-01	1.07916766349746E-02
-9.78723384168045E-01	-1.73061665156930E-01	-1.10227933554788E-01	1.09853405589830E-02
2.36486361175128E-01	-5.57081732871511E-01	7.96074207520266E-01	1.16711396274790E-02
6.84579703341695E-01	2.96297091940491E-01	-6.66001999306461E-01	1.29676998430466E-02
6.93049891136826E-01	-1.00365296345495E-01	-7.13868794446649E-01	1.17100924983842E-02
-8.31273528263568E-01	3.88529667234638E-01	3.97528639077461E-01	1.12546827600135E-02
-1.22206255729534E-01	-4.15512977457130E-02	9.91634570149818E-01	1.37843350292386E-02
-7.42208424537809E-01	-3.59800665336952E-01	-5.65393788229221E-01	1.17939729421573E-02
2.82335523978823E-01	-2.00825089204532E-01	9.38059665184253E-01	1.18571496958521E-02
4.10049276480509E-01	-9.06459398131046E-01	1.00950237234546E-01	1.11655933244727E-02
-3.15252873935542E-01	9.40649151849461E-01	-1.25677359139459E-01	1.17776548668324E-02
6.07944593583835E-01	1.03145769962584E-01	-7.87251117033828E-01	1.20291571141893E-02
-7.30102476005535E-01	-1.21103766545771E-01	6.72520819201170E-01	1.28363342738255E-02
9.35282316701993E-01	-2.41070084302691E-01	2.59098827706429E-01	1.13059216408144E-02
-7.86799838832838E-01	-6.79875516894966E-03	-6.17170795275321E-01	1.37154334472234E-02
-9.24071537965646E-01	3.68789063006105E-01	1.00431169110411E-01	1.11813478831923E-02
-6.15413137753027E-01	2.90835333397095E-01	-7.32585475373879E-01	1.07773685686051E-02
-4.52838309329535E-01	-6.10875362612519E-01	6.49437261755584E-01	1.16831683522574E-02
-6.18261667294078E-01	5.74555375756010E-01	-5.36319523180552E-01	1.05833228737024E-02
2.11906186557666E-01	3.84918610866223E-01	-8.98294735099457E-01	1.32460895570154E-02
7.40887538701515E-01	-6.52005637322180E-01	-1.61165455035835E-01	1.07757641207724E-02
3.47732939551491E-01	8.13488786495464E-01	4.66173569603656E-01	1.09876835727433E-02
7.22224496727787E-02	-9.26763579541930E-01	3.68636928966552E-01	1.11584994649238E-02
7.24059790911597E-01	6.86465345821098E-01	-6.71025198615767E-02	1.23355894721316E-02
2.17631625533299E-01	8.35142564304622E-02	9.72451461277425E-01	1.22932865482090E-02
-2.74732266920530E-01	-8.13771536950599E-01	5.12150434112639E-01	1.07560649397230E-02
-3.45152824033611E-01	-6.63814745491030E-01	6.63490400631615E-01	1.20427682335547E-02
-7.94539167489430E-01	3.43938486226992E-01	5.00413657904226E-01	1.22594668089486E-02
8.39927408959363E-01	3.01476074564718E-01	4.51258378474969E-01	1.37202631153247E-02
9.25120288379109E-02	-7.51080859063081E-02	9.92874765492498E-01	1.19369384907360E-02
-3.59962670489902E-01	4.20796422833058E-01	-8.32680758985506E-01	1.08808943334528E-02
1.60554137136759E-01	8.75033489351751E-01	-4.56660444489304E-01	1.11821871247264E-02
2.30708319469912E-01	7.42453703500546E-01	-6.28916663386883E-01	1.12434634055996E-02
8.33242438530218E-01	5.13826845859642E-01	2.04178870371410E-01	1.15112291330345E-02
-2.70427427225137E-01	-1.21723182174195E-01	-9.55014383936587E-01	1.19779004705213E-02
-4.56944590827113E-02	5.89690653842761E-01	8.06335506584967E-01	1.16831777477609E-02
-9.59803844519043E-02	9.85006679727187E-01	-1.43351340047054E-01	1.37890425966294E-02
4.36234949676130E-01	7.97242184813335E-01	4.17257675106310E-01	1.07255621488399E-02
6.70641805562947E-02	5.39849631733964E-01	8.39085675484342E-01	1.22942587047704E-02
3.07464654846440E-01	-2.94262119046154E-01	9.04917284239076E-01	1.09426641053320E-02
-5.38170195335067E-01	7.80575058624926E-01	3.17923605140777E-01	1.12357401318819E-02
-4.48903960004900E-01	-7.99923235234172E-01	3.98256264764803E-01	1.20710802476652E-02
1.03080015099542E-01	-9.61734388862314E-01	2.53853256364199E-01	1.17467241046714E-02
-5.85383734911356E-01	-6.61170611115978E-01	4.69232677781241E-01	1.12720318678674E-02
-4.79822742309755E-01	-4.81643826098632E-01	-7.33341230767380E-01	1.20443168460520E-02
-7.01592037991785E-01	-6.16423482615469E-01	3.57478254313112E-01	9.83772198633117E-03
-7.68528199418056E-01	-1.95956291066433E-01	6.09069403837302E-01	1.11430516970218E-02
-5.60246942861305E-01	8.28273306744698E-01	9.31087261026767E-03	1.21676736967543E-02
-6.28387269476349E-01	-1.56447414133116E-01	7.62006329482320E-01	1.08524556005472E-02
-8.47400581809072E-01	2.39856910651161E-01	4.73688628069670E-01	1.19859391044066E-02
-6.19568173030521E-01	-7.77138649681755E-01	1.10411947444285E-01	1.10912371822473E-02
-5.00111327921833E-01	4.16899454746433E-01	7.59001649745497E-01	9.75856814327707E-03
6.26419458250722E-01	-6.26990642452828E-02	7.76960417053299E-01	1.04362548422910E-02
8.92968245923308E-01	-3.22825954620982E-01	3.13673580009061E-01	1.20264570342064E-02
8.67816467734366E-01	4.57795370179918E-01	-1.93178615200746E-01	1.16082138426296E-02
-4.50491456091906E-01	3.51173815631025E-01	-8.20813254768306E-01	1.12829013961307E-02
-7.49048336441224E-01	-6.61468941854417E-01	-3.72213465182466E-02	1.18599755960734E-02
-6.33696040629630E-01	-6.82764922835891E-01	-3.63677588304845E-01	1.01483141333712E-02
8.26909916375281E-01	-5.04016864608721E-01	-2.49373195011450E-01	1.14791977878156E-02
-6.91485927166319E-01	-6.00683181801635E-01	-4.01281606395805E-01	1.13264101415254E-02
2.55292893072163E-01	-4.57677355242934E-01	-8.51678916754828E-01	8.80416046709686E-03
2.22754024593106E-01	-9.67426912893611E-01	1.20273907131640E-01	9.13710352636534E-03
4.76838323456776E-01	-6.11313223771917E-01	6.31602213204257E-01	1.04008411547654E-02
7.94795753179259E-01	-1.97824930175361E-01	5.73729036853919E-01	1.17557112924251E-02
4.47664105080504E-01	8.84264122546508E-01	-1.32942884726957E-01	1.06030464850755E-02
1.55832960735342E-01	6.93450752137679E-01	-7.03450170735741E-01	1.21070379687915E-02
-2.12775320333620E-01	-9.66852551772203E-01	-1.41148171042007E-01	1.20690200734120E-02
-7.74675547016147E-01	-3.70934431062027E-01	5.12138110970002E-01	1.14246377875158E-02
-4.10361399187106E-01	-3.50924124978836E-01	8.41698152882040E-01	1.36647155398477E-02
-6.42353069473283E-01	-2.07384113016256E-01	-7.37817297036814E-01	1.34483410155780E-02
7.23954188885307E-01	4.89573577668174E-01	4.86012391245943E-01	1.14518931656680E-02
-4.38677819650758E-01	-8.97208792498094E-01	5.07755178266947E-02	1.22016625944374E-02
9.72032913890557E-01	2.30627746589821E-01	-4.43041399457560E-02	1.21667533388841E-02
-7.56058327602883E-02	8.98271559275749E-01	-4.32887934515316E-01	1.10620436051641E-02
1.25204654965922E-01	7.72437686396886E-01	-6.22626545377475E-01	1.15146899567552E-02
-6.88488729688407E-01	-2.95540272275017E-01	-6.62298434661936E-01	1.19824492909440E-02
-5.50944614487346E-01	-9.01376110098286E-02	-8.29659715093381E-01	1.21529507696750E-02
-2.40559733731709E-02	-3.66538182114684E-01	-9.30091969214405E-01	1.23181909134211E-02
-2.27372274545572E-01	-8.83243202237462E-01	4.10101566041005E-01	1.31552849615847E-02
-6.16462671293187E-02	-3.27977614984157E-01	9.42671958752526E-01	1.10419926417546E-02
1.59355045244746E-01	-8.88269874410827E-01	4.30792989461548E-01	1.22820518677900E-02
6.56131311576431E-01	-4.87358993080508E-01	5.76170906791157E-01	1.32993881481654E-02
5.47782286624418E-01	-7.16518436196655E-01	-4.31898016956344E-01	1.02514799759339E-02
2.71066858289790E-01	9.57748419873698E-01	9.61286771277798E-02	1.09648692619309E-02
5.22841005850813E-01	3.83205457505992E-01	-7.61439991029189E-01	1.11526206093489E-02
-6.23881865977338E-01	7.74952761100812E-01	1.01092212196888E-01	1.11053023930887E-02
3.20526316677713E-01	-7.65072164075565E-01	5.58504667906857E-01	1.19250810656875E-02
-6.01210593015218E-01	-7.99022462401655E-01	1.04368301645487E-02	1.18374015272883E-02
9.63925606254552E-01	-1.02575767339781E-01	-2.45612779719314E-01	1.40011781469289E-02
-3.50192811401228E-01	-9.06913867578569E-01	2.34248226538824E-01	1.23499012373352E-02
6.70825424817132E-01	-6.99292095119174E-01	-2.46949013204648E-01	1.21187560930481E-02
-4.68652446506382E-01	-8.49633432655997E-01	-2.41842747455384E-01	9.67898858642178E-03
3.13453786618874E-01	-9.33564641090587E-01	1.73792360475632E-01	1.10691263151614E-02
-6.09192167277816E-01	-7.42091085240384E-01	-2.79617103436297E-01	1.26055336764970E-02
1.76360585627791E-01	-7.04756425915579E-01	6.87179251700544E-01	1.18918352349914E-02
-4.72827599276409E-02	2.86521615748026E-01	9.56906319512398E-01	1.25328166496704E-02
1.63741114676205E-01	2.84323603537586E-01	-9.44642226367207E-01	1.11264906365237E-02
7.24140853085280E-01	-6.88824150659037E-01	-3.37833444433517E-02	1.23565724084290E-02
-3.11318175377713E-01	-5.24843008755249E-01	7.92225226712851E-01	1.13079886960985E-02
-1.29150500408035E-01	7.89326353336811E-01	6.00236666800991E-01	1.06288992175195E-02
-8.12369641054501E-01	-3.04789965745496E-01	-4.97150523557845E-01	1.09615200462638E-02
9.33076643553976E-01	9.13831252152468E-02	-3.47875123686561E-01	1.18948463744611E-02
4.72157768255296E-01	8.81256423169037E-01	-2.13109948029507E-02	1.22149682881271E-02
-3.98988313726770E-02	9.68373917511979E-01	-2.46292588474757E-01	1.04744421146126E-02
-2.04735543082338E-01	-7.79720266650476E-01	5.91709103507196E-01	1.19381648190889E-02
-5.35897831929191E-01	3.59011933200891E-02	8.43519186534476E-01	1.19400908215127E-02
-1.57213696239116E-01	8.48028689600040E-01	5.06094057789728E-01	1.37280326921371E-02
3.67510251859827E-01	-6.63247595242042E-01	-6.51950030434521E-01	1.35536479110829E-02
3.51318061690700E-01	-9.27407627921858E-01	-1.28416164100324E-01	1.20155530151918E-02
-6.80499139665678E-01	5.26761389023904E-01	5.09355828422408E-01	1.12394978375375E-02
2.29748903420537E-01	-3.66904690925320E-01	9.01441284363022E-01	1.21464412512848E-02
-6.00777781469496E-01	7.02002131347562E-01	3.82438315125548E-01	1.15561409449363E-02
4.15472296270334E-01	7.37871864967290E-01	-5.31909655788976E-01	1.21745513153258E-02
-6.64925201931198E-01	6.57495334292001E-01	-3.54364729087143E-01	1.06005691089228E-02
-3.82985940744853E-01	-7.74146565083086E-01	-5.04002842216032E-01	1.07606458936260E-02
-6.63683490775130E-01	-4.04543308276958E-01	-6.29181162941859E-01	1.13644997296916E-02
2.93952787713866E-01	-7.07196067824031E-01	6.43012814996306E-01	1.08884813444550E-02
-9.50449134196510E-01	-1.89518673210118E-01	2.46432781524254E-01	1.15098340951016E-02
6.85570976559312E-01	6.36008275340968E-01	3.54239904298367E-01	1.18940622025889E-02
6.99217235424110E-01	-5.54184643582362E-01	-4.51635515104109E-01	1.21840170162547E-02
-3.15445575474394E-01	-7.40411214298902E-01	5.93536285878170E-01	1.18119596132317E-02
-9.25744605162921E-01	-7.24860414108511E-02	-3.71137036433083E-01	9.09832444477776E-03
1.42674652813225E-01	-9.72403245217899E-01	-1.84596511706814E-01	1.11239431512123E-02
8.47299430422583E-01	-1.02425829342783E-01	5.21145492822309E-01	1.08430690741111E-02
7.68258774682521E-01	5.73696893631511E-01	2.83990016304914E-01	1.11707596750987E-02
3.97871863235774E-01	-8.27469925257649E-01	-3.96221533033470E-01	1.14979248006898E-02
-2.71621297923536E-02	3.40566414231912E-01	-9.39828035441782E-01	1.08622776021996E-02
3.73893988956990E-01	6.24581977861949E-01	-6.85638853881462E-01	1.12615388517472E-02
-7.01455968477156E-01	3.00799547630625E-01	-6.46126269728282E-01	1.16231549203957E-02
8.84177227022272E-01	1.43067925714631E-01	-4.44704620896744E-01	1.09725291408285E-02
1.66923937741425E-01	9.45553815566345E-01	-2.79400037360094E-01	8.87429678760627E-03
-9.18924339777026E-01	8.02246064035111E-02	3.86189163872781E-01	1.12955484204428E-02
6.64920612849355E-01	-5.61288110925000E-01	4.92784166894881E-01	1.04822562332910E-02
5.57356621755254E-01	-2.04693487316867E-01	-8.04645370604733E-01	1.17641618589581E-02
-8.98342953333219E-01	4.64217847270866E-03	-4.39270290795514E-01	1.34529637386022E-02
-4.04919976266758E-01	-8.56522284023737E-01	-3.20014671211942E-01	1.10254837722637E-02
-2.50199689834794E-01	-2.56952315402978E-01	9.33475025276852E-01	1.12202431682849E-02
4.90781165130266E-01	7.61470338253368E-01	-4.23434495422466E-01	1.35941708927812E-02
-1.76286253989135E-01	-3.41614310405400E-01	9.23159151815504E-01	1.19028758960186E-02
-7.17681531364352E-01	-6.78073029764159E-01	-1.58588101208670E-01	1.29734477041396E-02
-9.77489590580205E-01	8.37856150431861E-02	1.93633858142570E-01	1.04786945414122E-02
6.05092219152431E-01	-7.07866578974084E-01	3.64401307204997E-01	1.03241216502406E-02
-4.84279780954003E-01	-8.25205370716966E-01	2.90704643752067E-01	1.20975449959337E-02
8.80833569895225E-01	4.57535062006900E-01	1.21630132697349E-01	1.12701194889692E-02
6.35977037930257E-01	1.36228224034426E-01	7.59588755973837E-01	1.12235288562482E-02
-4.75995037994142E-01	-2.86317322240576E-01	-8.31535395993424E-01	1.30599566381819E-02
7.61288252960051E-01	3.90105278299664E-01	5.17936354919959E-01	1.30035497023159E-02
9.23227902054070E-01	-1.37705282723589E-01	-3.58730394556770E-01	1.09316952384286E-02
7.78729003680800E-01	-9.23090496113547E-02	-6.20532173369081E-01	1.17723490255303E-02
9.66131126558375E-01	2.72379363108730E-02	-2.56610095515686E-01	1.19130452084982E-02
-3.43870485042653E-02	8.24163155940713E-01	5.65307547521708E-01	1.11351548705550E-02
-1.25746025703498E-01	-7.33362803174655E-01	6.68106979412419E-01	1.18006910396337E-02
-8.39554670842315E-01	5.23230134829698E-01	-1.46212792439465E-01	1.38756849052954E-02
6.27055906755325E-01	5.33336498298684E-01	-5.67761454649532E-01	1.11523670835507E-02
-6.56140025780009E-01	9.51735416418197E-02	-7.48613560884894E-01	1.16662710232622E-02
-6.31951674215416E-01	7.20103526379501E-01	2.86510022079748E-01	1.08423951214640E-02
-1.52670414238815E-01	-8.88844693834563E-01	-4.32026451572458E-01	1.16375118550813E-02
-7.71441308251995E-01	-5.95694473025335E-01	-2.23665828256164E-01	1.13924792661688E-02
-7.87780756217408E-01	5.72526827074645E-01	-2.27188275255055E-01	9.17018237008544E-03
6.10647685123907E-02	6.30348910902522E-01	7.73906547698449E-01	1.09710676625545E-02
-9.94608327494329E-01	3.21937585165321E-02	9.85790890174539E-02	1.11787801119669E-02
-2.23682661569652E-01	-4.45373981481082E-01	8.66953334114821E-01	1.33699832088709E-02
-6.05790259226287E-01	1.92246081186727E-01	-7.72048966125137E-01	1.01562074696268E-02
-3.18057476301641E-01	9.27924224386917E-01	1.94412128131370E-01	1.17769159991600E-02
-3.37599279165655E-02	9.97634483003382E-01	5.98807614317228E-02	1.23974717017271E-02
6.78191989388480E-01	4.48959627225564E-01	5.81799689455725E-01	9.89940514471070E-03
6.08310145160045E-01	7.53664492257144E-01	-2.48894757691167E-01	1.15526578026034E-02
4.14916993720783E-01	1.00508974956701E-01	-9.04290790771895E-01	1.18849809393697E-02
-8.30437824750615E-01	-5.12704720437199E-01	2.17960750743976E-01	1.07091072894928E-02
-7.53835489725191E-01	4.99639587133192E-01	-4.26722787533257E-01	8.90845407599728E-03
-1.80555275579757E-02	9.30952175982268E-01	3.64694452875942E-01	1.30761058710787E-02
-3.50461238877983E-02	6.76621853483112E-01	7.35496183939467E-01	1.10693298016332E-02
3.14543778306896E-01	9.64229390235971E-02	-9.44333007131739E-01	1.14277766478348E-02
1.64951320069986E-01	4.73759394977602E-01	8.65068261860082E-01	1.05186506072031E-02
4.06623972814449E-01	-8.88558519070510E-01	2.12416343344420E-01	1.28094138723124E-02
8.43804135734224E-01	8.34376638123595E-02	-5.30125208583174E-01	1.09011044388664E-02
1.56225901148964E-01	5.83871255652157E-01	7.96672972199614E-01	1.15811528888940E-02
8.52548446980877E-01	5.14783539723744E-01	-9.03274752220291E-02	1.11706572128208E-02
-8.26036915752809E-01	5.36402432963562E-01	1.73018622478495E-01	1.31515133424116E-02
4.35830306098337E-01	-8.46877392645220E-01	3.04714007083138E-01	1.10324859373867E-02
6.52732537767239E-01	-1.99137915533599E-01	-7.30947552658104E-01	1.14346052935077E-02
-9.79941541927901E-01	-1.41691057583545E-01	1.40136428543131E-01	1.23513955389009E-02
5.90552330331043E-01	5.07723256323046E-02	8.05400593549856E-01	1.15090149328043E-02
-1.63093014673944E-01	7.28825984143810E-01	-6.64991243101268E-01	1.16219450382498E-02
-7.33371077811405E-01	-3.11018858453653E-01	6.04511482038119E-01	1.08231103063319E-02
-8.78867211284958E-01	-9.36280204277746E-02	4.67788647488345E-01	1.12176324419514E-02
-7.62446779512585E-01	6.33856972004359E-01	1.30000951736325E-01	1.04307314743926E-02
-1.67084639846560E-01	-8.43207541368355E-01	5.10963565537581E-01	1.18093259017666E-02
-1.46989271217421E-01	-9.31063714423864E-01	3.33937889180318E-01	1.17179567926496E-02
5.04445661009661E-01	-8.55410945244153E-01	1.17501871666070E-01	1.20356358320274E-02
6.58049433012855E-01	6.34281841978176E-01	-4.05780098881438E-01	1.17152334939145E-02
-9.51691052178735E-01	3.06373507060405E-01	-2.04796331617229E-02	1.29003109700638E-02
7.32713974203888E-01	-6.73570508493362E-01	9.71236433333106E-02	1.09038148332942E-02
-3.64428870061968E-01	9.27763737537526E-01	8.02872715675264E-02	1.21780863156461E-02
-3.36034661535634E-01	6.23767571072358E-01	7.05687412049500E-01	1.15666056057750E-02
-2.75728154235577E-01	5.88689521049215E-01	-7.59880670084906E-01	1.10202824486698E-02
-1.56501516230694E-01	-4.99549871375899E-01	-8.52031220921989E-01	1.19507694308516E-02
7.92415662238398E-01	-6.09555431720968E-01	2.27946024037204E-02	1.16230943264430E-02
3.51940137162104E-02	-5.99427037882008E-01	7.99655305525164E-01	1.39064740511234E-02
-2.35406085614330E-01	6.56695845680020E-01	7.16473684877778E-01	8.24435803375036E-03
-9.22875698302551E-01	-1.76193268375869E-01	-3.42427185926595E-01	1.22672710987814E-02
6.31970148108828E-01	-7.73435861453212E-01	-4.90988810201594E-02	1.12204124136402E-02
1.15732640342261E-01	9.23055531097524E-01	-3.66843893869960E-01	1.20321868266751E-02
1.47776299430919E-01	9.73383036575902E-01	-1.75178849844317E-01	1.19492646338811E-02
-8.65328753182794E-01	5.00005946982975E-01	-3.46439301576446E-02	1.10776817530946E-02
-7.67640889892831E-01	-6.36963602688311E-01	7.07448444402006E-02	1.10767198919788E-02
-6.94387681499900E-01	-7.18586771073268E-01	3.81942432794181E-02	1.19689062918129E-02
-4.80685533655727E-01	-8.65880179257215E-01	-1.38538561070916E-01	1.17319386171099E-02
2.61295499679795E-01	-6.40714713671219E-01	7.21948278987001E-01	1.21715206058221E-02
4.58952503901248E-01	8.83549080623443E-01	9.32932006753035E-02	1.16189585420202E-02
1.16029872637196E-01	9.68626666123348E-01	2.19771359213529E-01	1.16442730803245E-02
-9.94611463046236E-01	-8.36217392412967E-02	-6.12816636791577E-02	1.14563488255943E-02
3.20020000540990E-01	1.23126989975430E-01	9.39375826596221E-01	1.03059678804516E-02
-1.53087882127725E-02	4.56678236618411E-02	-9.98839371913946E-01	1.14160549982398E-02
1.06099853507403E-01	-7.50311811281347E-01	-6.52514372973815E-01	1.05976811503803E-02
5.03006737976446E-01	-7.85685807280337E-01	-3.60113917793437E-01	1.29875354468723E-02
-3.22550446543318E-01	3.33989687650020E-02	9.45962852505393E-01	1.13116851895441E-02
-8.07000496611303E-01	1.55724962025356E-01	5.69648957403865E-01	1.11652552253758E-02
-2.03781528794896E-01	-1.42456942325040E-01	9.68596462984154E-01	1.13506737078702E-02
-4.08012621424657E-01	4.12127085517924E-01	8.14663713528889E-01	1.28640899045786E-02
-9.22159083590886E-02	6.29908741411901E-02	9.93744623140390E-01	1.15977090193892E-02
9.27421212725352E-01	3.37329708852475E-01	1.61550492764770E-01	1.28955244648030E-02
2.42146555062963E-01	1.96884070550977E-01	9.50053529352118E-01	1.19278822841635E-02
8.84693726777273E-01	-4.06593224968444E-01	-2.28032802926899E-01	1.21268619640630E-02
-7.71870495150340E-01	-2.51151402221783E-01	-5.84070981883538E-01	1.24064851538034E-02
8.51710459936849E-01	-2.12707431166406E-01	4.78899614909793E-01	1.22620491234432E-02
2.60825691750953E-01	-5.47408247797448E-01	-7.95181846350860E-01	1.43371445628597E-02
-2.96618693362618E-01	-8.96923917342528E-01	3.27940295247146E-01	1.04085240029123E-02
4.40629613115268E-01	4.82263803352423E-01	7.57144086698128E-01	1.16830099282508E-02
-3.41116705315123E-01	8.56105541603530E-01	3.88230208755939E-01	1.20068810514097E-02
3.40667724762513E-01	-8.16063579420104E-01	4.66889425505846E-01	1.20217807583829E-02
3.65318544974711E-01	6.95715430433058E-01	6.18483953352796E-01	1.14591605235422E-02
2.66963445932840E-02	-9.81793101737511E-01	1.88068100873041E-01	9.98851088868514E-03
2.07337353391378E-01	8.97148289078810E-01	3.90046368130279E-01	1.44406426509015E-02
-6.43960794866020E-01	-4.99720814360251E-01	5.79304412524754E-01	1.13544743263318E-02
5.08550573478046E-01	6.83234953818635E-01	-5.23990755734867E-01	1.11292387042151E-02
-1.87440999587671E-01	9.29542265308504E-01	3.17517005337837E-01	1.10705565017361E-02
-2.93760284303811E-01	9.08712238734777E-01	2.96558531388614E-01	1.15750883230406E-02
-5.14238143527954E-01	-3.06643888909700E-01	8.00954840883840E-01	1.17668452272604E-02
-9.93911056326940E-01	3.04281447728223E-02	-1.05900614336039E-01	1.09264949223194E-02
3.88881947984266E-01	2.90505245474043E-01	-8.74286871046356E-01	1.18294171658301E-02
8.06787190846608E-01	5.90549727633258E-01	-1.85862281843878E-02	1.32463646420474E-02
1.12043153236078E-01	4.03543802948472E-02	9.92883606372839E-01	1.11912371287182E-02
-4.41010328422187E-01	8.26840448002593E-01	3.49062693182505E-01	1.20746763933196E-02
-6.70307354746949E-01	-5.83876020776403E-01	4.58014020019539E-01	1.32566787894064E-02
7.35135900290558E-01	-3.76521521429452E-03	-6.77909309021775E-01	1.10309182392892E-02
-2.64711330344414E-02	-5.05870706948472E-01	8.62203054371373E-01	1.18016083725332E-02
-1.40982019324370E-01	5.47293400109430E-01	8.24981214588478E-01	1.14551527133133E-02
-7.70776679937539E-01	5.58290392126408E-01	3.06944861048046E-01	1.00102086451027E-02
3.65679769864620E-01	-7.81086540606371E-01	-5.06144368728259E-01	1.19301840810099E-02
7.35168651456085E-01	5.77499624921706E-01	-3.54994700145690E-01	1.21291956859869E-02
5.61521591616330E-01	-1.56041344127854E-01	8.12615900085295E-01	1.13955608707515E-02
9.37724027250869E-01	2.57818097868197E-01	-2.32816402188581E-01	1.18381873016029E-02
-4.83071527625812E-01	7.94655851044222E-01	-3.67646538945283E-01	1.21247798679469E-02
-9.24002714145902E-01	-1.56982510032040E-01	3.48676749719631E-01	1.16074213635910E-02
-9.16811649674395E-01	1.26061303509795E-01	-3.78899652650572E-01	1.09608656036201E-02
3.64429284820737E-01	9.17660754513510E-01	1.58398345921729E-01	1.29072503241459E-02
2.51450651328440E-01	6.01567178778644E-01	7.58214678941792E-01	1.01097618033179E-02
-2.72388520688190E-01	4.82213921353565E-01	-8.32630907335367E-01	1.23194647946540E-02
3.00712627031631E-01	-9.10113532698426E-01	2.85070646582430E-01	1.27163154038309E-02
-9.54167602393539E-01	1.18595614969672E-01	-2.74771298815086E-01	1.09635849833174E-02
-4.36537719126845E-01	8.87089977299338E-01	1.50020638428817E-01	1.14288599672230E-02
6.65790493688332E-01	-7.43920034332744E-01	5.74978350254617E-02	1.33757840065491E-02
-3.91410952711216E-01	9.19117653997773E-01	-4.49466818277734E-02	1.19251862899320E-02
9.98415547070232E-01	-5.87397177959601E-03	-5.59633078363033E-02	1.41118139910204E-02
8.57980331870683E-01	9.78694570228917E-02	5.04273060459426E-01	1.10151451457336E-02
5.91972811385363E-01	5.02057597698278E-01	6.30481053778733E-01	1.05437204099670E-02
-9.15772381132988E-01	3.09268683054765E-01	-2.56347084312632E-01	1.10749250491923E-02
-1.57712249199305E-01	-6.51039483035704E-01	7.42478577456008E-01	1.26351534546889E-02
5.39601701974437E-01	-8.38126145683366E-01	-7.98408864444517E-02	1.28991906570654E-02
3.59931312079048E-01	4.52151257282752E-01	8.16093555373818E-01	1.06730116007339E-02
-1.09092032356445E-01	-2.95109749087161E-01	-9.49215025413131E-01	1.08126929967083E-02
-2.34564620809137E-01	-7.02207576673657E-01	6.72223145932044E-01	1.12150612538242E-02
3.87395501478339E-01	5.37701533375704E-01	-7.48867001836616E-01	9.81910450624761E-03
5.30199137047384E-01	7.64099238544696E-01	3.67479562329150E-01	1.13652156749022E-02
9.35143697718481E-01	2.33647669919111E-01	2.66298762593398E-01	1.23588691637880E-02
4.11560324664461E-02	2.19003515247011E-01	9.74855702809945E-01	1.12604149000027E-02
9.16661406213914E-01	2.04019591868492E-01	-3.43668259360305E-01	1.20151118547553E-02
-6.23102076721720E-02	2.40924675406651E-01	-9.68541552438536E-01	1.09681359956213E-02
-8.40357844723258E-01	-3.20137779632112E-01	4.37390551869037E-01	1.11268491680192E-02
-8.72645359923796E-01	-2.45618117454432E-01	-4.22092189197582E-01	1.20564584785744E-02
5.73705571968388E-01	-5.78443817045641E-01	5.79883322069269E-01	1.33021201621808E-02
3.52158345443787E-01	5.50737269171842E-01	7.56751584127469E-01	1.24373534566913E-02
-6.48572429715471E-01	6.18158206678942E-01	4.44110611141463E-01	1.19835889711990E-02
7.94733244337410E-01	-5.93934586381109E-01	1.25063093857594E-01	8.80912911838994E-03
-5.96883301856762E-01	-6.55737848236893E-01	-4.62318286848159E-01	1.21133041092398E-02
1.74052933566537E-01	-8.61068768003127E-01	-4.77772072317396E-01	1.26130115506900E-02
-7.84697613740342E-03	9.98574999372502E-01	-5.27863201379463E-02	1.13177282078408E-02
4.70449884378939E-01	5.61243722610847E-01	-6.80942281047197E-01	1.19537595269817E-02
3.02180451733321E-01	-7.40862734872185E-01	-5.99841131190544E-01	1.08446258365896E-02
-8.28206157858364E-01	-4.96018038393275E-01	-2.60846057424627E-01	1.20999602427460E-02
-7.65705138989207E-01	6.42551836961364E-01	2.86840886746349E-02	9.34263615338877E-03
-1.58366736873865E-02	9.35552056050885E-01	-3.52833601270456E-01	1.15611175333959E-02
3.81176697975270E-01	8.05954884384557E-01	-4.52924992970517E-01	1.12167993708717E-02
-9.18152115157282E-01	-3.04064000456975E-01	2.54050737173324E-01	1.15530708148365E-02
8.93189497023072E-01	2.70403702802391E-01	3.59297035777401E-01	1.03193721777698E-02
-3.36439893689671E-01	-4.25531411404883E-01	-8.40078101036951E-01	1.00479968642581E-02
-9.99930488277263E-01	1.14561463136092E-02	-2.78842701785627E-03	1.08646235269396E-02
6.83985278304958E-02	7.92411100320730E-01	6.06140486586327E-01	1.27037156520274E-02
-5.17596071449418E-01	-3.82318976735302E-01	-7.65458363889375E-01	1.16245978946493E-02
-8.72187385557934E-01	-3.89429104921007E-01	-2.96030634755994E-01	1.14809488616041E-02
6.76187456364659E-01	-7.24194202125479E-01	-1.35326573380586E-01	1.15299266307008E-02
-1.69401873530059E-01	6.46128490201509E-01	-7.44191493766506E-01	1.32069232313124E-02
-7.26228371883545E-01	6.85034173301271E-01	-5.76240685895880E-02	1.11418642051755E-02
-9.17068445189076E-01	-3.33730738315727E-01	-2.18195465447218E-01	1.18234659514938E-02
-6.81560355095354E-02	9.82830047617394E-01	1.71463851362360E-01	1.22061878697184E-02
4.48191904747230E-01	-2.31024701991524E-02	8.93638793019722E-01	9.87187468747070E-03
-6.04538284844477E-01	-2.57420838519125E-01	7.53835508618032E-01	1.19894787003129E-02
-9.56759514758091E-01	-8.74722566113669E-02	2.77416357201909E-01	1.05016962542019E-02
-3.69238785266475E-01	1.84602050604926E-01	-9.10815460105609E-01	1.31734619089678E-02
2.75013726594154E-01	-9.69614102152135E-02	9.56538517318499E-01	8.97180313956694E-03
9.19201549536871E-01	3.90269738573518E-01	5.25170684898896E-02	1.19175476172758E-02
7.77381799834427E-01	-3.71904888349538E-01	-5.07310842884225E-01	1.14770001846582E-02
4.49744559992744E-01	6.54931106988980E-01	-6.07285003812148E-01	1.13593969734628E-02
-5.97906198122999E-01	3.97529915763423E-03	-8.01556220887036E-01	1.22220652131429E-02
-1.33452868272093E-01	-4.03774040200735E-01	-9.05072845913479E-01	1.14946825104563E-02
8.86294087662300E-01	1.84019375902804E-01	4.24993716973784E-01	1.27870553321602E-02
-9.95532672821621E-01	-7.28274630044691E-02	6.00904150174612E-02	1.02854437034906E-02
-3.09772431841948E-01	7.37141939775081E-02	-9.47948974405780E-01	1.09017329356816E-02
-2.61471870697120E-01	5.71907816560845E-01	7.77530649036264E-01	1.43719273753886E-02
-7.70526299644213E-02	-5.72037366077713E-01	-8.16600357596320E-01	1.21229266682404E-02
-9.83943391123571E-01	-1.76864061333116E-01	2.39688730023315E-02	1.39558186347181E-02
7.62119599704721E-01	2.64325590503757E-01	-5.91020894682037E-01	1.07079686137087E-02
-6.67840024837464E-01	-7.41073174549850E-01	-6.92838450701337E-02	1.09641138619551E-02
-8.46824156287514E-01	-3.49134866590290E-01	-4.01240193972288E-01	1.17639000851272E-02
7.07497879812118E-01	3.38969733852467E-01	6.20117948130308E-01	1.33415604204523E-02
5.01491260651583E-01	-3.50531622975645E-01	7.90970351393871E-01	1.14990854949468E-02
-9.34787103857312E-01	3.26851398072713E-01	-1.39072765270452E-01	1.27867020707114E-02
6.31106506609706E-01	7.49067454159714E-01	2.01500685938226E-01	1.13753575304858E-02
-6.86698879053530E-01	5.82028646459385E-01	-4.35531059979973E-01	1.19038434460971E-02
-5.12649981802627E-01	-6.45444612049567E-01	5.66207778941572E-01	1.22298980959627E-02
1.85341706916763E-01	-1.52628688985583E-01	9.70748646651501E-01	1.20842346266269E-02
2.80785253905448E-01	2.94797158956436E-01	-9.13375211104651E-01	1.13936482922934E-02
-2.83979582627135E-01	7.12665659818939E-01	6.41454015472468E-01	1.29733989188247E-02
-9.61693252727100E-01	-2.71537481823938E-01	-3.75963246060495E-02	1.18630393247112E-02
8.03115180044128E-01	1.06100911526395E-02	-5.95729329098727E-01	1.03054182920373E-02
-5.31480483445378E-01	6.41578341529030E-01	-5.53087450045222E-01	1.16639035780207E-02
-1.97874541388177E-01	-7.52028841812619E-01	-6.28727514072979E-01	1.18161294864958E-02
-5.77080495941813E-01	-8.11421298058463E-01	-9.25936188982202E-02	1.22778280092150E-02
1.64830608886960E-02	-4.04865223080265E-01	9.14227794285377E-01	1.14265510036484E-02
2.04057266402791E-01	8.14548991146625E-01	-5.43019864323797E-01	1.20096798603345E-02
-8.26445006007533E-01	-5.62383592589677E-01	-2.67085535200732E-02	1.38323041652828E-02
-3.64670652831728E-01	5.17210828677618E-01	-7.74279196195979E-01	1.09329320210075E-02
6.26236729154802E-01	7.74816485356996E-01	8.65272967133845E-02	1.17294541555308E-02
9.85427847968515E-01	-1.40344059740490E-01	9.61015158241365E-02	1.22120966331565E-02
3.77511726013451E-01	-6.25933653246932E-01	6.82416264793925E-01	1.26218642461358E-02
2.11282001100786E-01	-7.72043493344549E-01	5.99423690218523E-01	1.19066616941286E-02
-2.61892394650623E-01	-5.43546407832579E-02	9.63565226982317E-01	1.20676584009276E-02
-8.20479434047141E-01	-4.72041839724625E-01	3.22474804992690E-01	1.17744511904600E-02
-8.82360946909504E-01	3.67901309474425E-01	2.93407201438488E-01	1.22072670415910E-02
-9.71793042443541E-01	2.16971855472076E-01	-9.24202174382243E-02	1.15576104055637E-02
-6.51440763749130E-01	3.91985598731734E-01	6.49593889836467E-01	1.10148512532198E-02
4.83686359035670E-01	-8.75184537202770E-01	9.97656874829130E-03	1.18204251788414E-02
-7.03145944835380E-01	-6.95161215222826E-01	1.49454558684180E-01	1.15472214805109E-02
9.20821935174653E-01	-3.07589880479425E-01	-2.39740336881090E-01	1.18339119532005E-02
-8.97059639193695E-01	-2.63821554941756E-01	3.54516841458611E-01	1.13006044321151E-02
5.47380400628922E-01	8.24633709071589E-01	1.42667245260268E-01	1.14006805529527E-02
9.00753546935316E-01	-4.32984072603503E-01	3.41736822003513E-02	1.09511253253348E-02
7.60173129264156E-01	-2.88814243610060E-01	-5.81999266522465E-01	1.18257871630156E-02
6.32121427214879E-01	-4.73621378465970E-01	-6.13274238098925E-01	1.16591793217985E-02
-3.36837207842779E-01	-9.40908243718593E-01	3.51051608039684E-02	1.07649935980026E-02
4.27600018077977E-01	-7.49909409936522E-01	5.04771335783214E-01	1.10513572438762E-02
-5.74817313782046E-01	-7.13517059478049E-02	8.15165007734464E-01	1.16018336279215E-02
-5.75397141686297E-01	-4.58062777739801E-01	-6.77566691174038E-01	1.04214373462571E-02
9.40548303056725E-01	-3.38705252191014E-01	-2.54488065601413E-02	1.14376919754170E-02
4.87365035714947E-01	2.93377448326425E-01	-8.22438444368964E-01	1.12700708430261E-02
-5.56360152706048E-01	-8.05203599105126E-01	-2.05208538976945E-01	1.07282916837342E-02
-9.75777195773714E-01	2.37922884042053E-02	-2.17469058076034E-01	1.19648881134015E-02
3.88564616302753E-02	-8.62636735025129E-01	-5.04329295971154E-01	1.00877241763311E-02
2.58179134933898E-01	-8.80959594879342E-01	3.96552299797653E-01	1.14685149887990E-02
6.45449157222231E-01	7.62838256658296E-01	-3.83820220890322E-02	1.21338737430407E-02
-1.25639383106051E-01	-8.94993161395052E-01	4.28021011714169E-01	8.28377177440340E-03
1.04124979309267E-01	-6.73044113686681E-01	-7.32236034155349E-01	1.16667786891598E-02
7.54221946611212E-01	2.21407196046838E-01	6.18165114503132E-01	1.13446069275188E-02
-3.05686152018084E-01	-8.85415865679140E-01	-3.50135289949520E-01	1.14875490623524E-02
-3.33702452849842E-01	9.09191671741439E-01	-2.49024450602757E-01	1.34530676754987E-02
9.38228686851608E-01	-2.71306270320624E-02	-3.44950518546578E-01	1.16353297267744E-02
1.93524844605402E-01	6.01954573719883E-01	-7.74725000047222E-01	1.10150489951837E-02
8.87683907986198E-01	-2.45768979563920E-01	-3.89377565078496E-01	1.31974569818226E-02
-8.80966046994236E-01	-4.12142567269285E-01	2.32459304584763E-01	1.13919979272248E-02
7.56495850896950E-01	2.07044150804709E-02	6.53670677613638E-01	1.14099473404537E-02
5.31909485503669E-01	1.73734772977840E-01	8.28787384007237E-01	1.38329887025100E-02
-4.19288211650649E-01	-7.00975373751424E-01	5.76915003241249E-01	1.06851839851167E-02
2.74022046462369E-01	-9.60692228808624E-01	-4.45236966040952E-02	1.10028703798137E-02
4.79536549123808E-01	-5.54058664223844E-01	-6.80487835786150E-01	9.43876225292419E-03
4.72365978275940E-01	6.67933415459213E-01	5.75095935545021E-01	1.14433772402387E-02
1.27666591116137E-01	-3.77232603981765E-01	9.17276841529274E-01	1.07698351466042E-02
1.01961106904791E-02	-6.25660039257190E-01	-7.80029201122290E-01	1.11030098175559E-02
3.36349360235978E-01	4.73352226917409E-01	-8.14129459693713E-01	1.20371395642023E-02
-2.24110466831679E-01	4.93668232924081E-01	8.40277438979591E-01	8.72347747090239E-03
-5.59613489219040E-01	-1.93898103138805E-01	-8.05751989313873E-01	1.08056462971188E-02
-1.68505324667958E-01	2.19770880705597E-01	-9.60888503184647E-01	1.13887610792812E-02
-3.91933834095542E-01	7.95899136030987E-01	4.61446026048871E-01	1.06211690188863E-02
-7.62032527497227E-01	-1.86527026504339E-02	6.47270039257203E-01	1.09595693273347E-02
5.58575655166269E-01	4.82925448026334E-01	-6.74371002567679E-01	1.27371740279147E-02
-7.18891420139471E-01	-1.95571727303770E-01	-6.67043346064761E-01	9.57469596102942E-03
7.66923972730486E-01	-5.34470033784878E-01	-3.55203326331947E-01	1.11096010357617E-02
7.77533726520278E-02	-4.79571036508878E-01	8.74051505337663E-01	1.15091847706995E-02
-3.34355764132228E-01	2.30108546639415E-01	9.13923563409462E-01	1.00980485782767E-02
8.69921728853304E-02	-3.34168806324346E-01	-9.38490048288446E-01	1.09426839998718E-02
1.77367522133847E-01	6.71727354029080E-01	7.19251780631226E-01	1.29158976266132E-02
6.03781396152804E-01	6.14715907713741E-01	-5.07515889863008E-01	1.16960296373148E-02
-3.91405053518524E-01	8.82106232549890E-01	2.62089066114556E-01	1.14366803032082E-02
-7.03899447302054E-01	3.97719432924279E-01	-5.88510680244846E-01	1.06499978290119E-02
-4.15846316550728E-01	8.95192535307229E-01	-1.60318950038369E-01	1.13806012076219E-02
3.52891796125653E-01	-8.61705036158962E-01	3.64598149865699E-01	1.00967777903716E-02
2.53440866695271E-01	5.13090123529023E-01	8.20064785383277E-01	1.16832183975568E-02
-1.99615146938387E-01	9.17871226726081E-02	-9.75565947142605E-01	1.09478699920995E-02
6.52390468485427E-02	-4.21970346199896E-02	-9.96977069463271E-01	1.11229557111705E-02
-3.74645975347775E-01	-9.17641949973979E-01	1.32565624517314E-01	9.74778475630613E-03
-9.53159293325980E-01	2.25236927997058E-01	-2.01880379959929E-01	1.11345493293006E-02
-8.62771767388771E-02	-8.02867075909349E-01	5.89881943438463E-01	1.09916273523492E-02
-8.47835624541299E-01	3.06968409388061E-02	-5.29369868537151E-01	8.42468947909769E-03
-5.83274438500354E-01	3.38988012366807E-01	7.38158558077936E-01	1.34334714746624E-02
-9.81300835148281E-01	-3.39278667360364E-02	1.89466542682415E-01	1.32496977529678E-02
7.06273053153031E-01	6.63915703224682E-01	2.45752545056141E-01	1.16157917992316E-02
-9.82334252291611E-01	-7.97542604065947E-02	-1.69288731821341E-01	1.18255291170201E-02
9.60433587914753E-01	-2.37883149074005E-01	1.44841052853905E-01	1.14754110761900E-02
-5.49665148711463E-01	-8.10757119879308E-01	2.01348247712797E-01	1.10434280568133E-02
-9.28992363609182E-01	3.15175951089352E-01	1.94003371647881E-01	1.21154578782446E-02
6.05711455453997E-02	-6.94109995648215E-01	7.17316143878382E-01	1.18575949466170E-02
-2.84241140164639E-01	-7.82131788122628E-01	-5.54505942480335E-01	1.25851434720907E-02
-2.24743213559709E-01	-9.40255558348089E-01	2.55753734976397E-01	1.24195081788111E-02
-1.33912452824279E-01	8.50686385102412E-01	-5.08330728148490E-01	9.21413673732219E-03
-1.97773110696180E-01	-6.65474188616319E-01	-7.19742940896962E-01	1.26332799498889E-02
8.67164188440925E-01	-4.30130267393094E-01	2.51026339968411E-01	1.13482149496062E-02
-2.07745564980437E-01	9.74664754176574E-01	-8.28878591645102E-02	1.15851310293441E-02
-4.77425726033779E-01	1.56320170314008E-01	-8.64655237926723E-01	1.27258317370717E-02
1.72069729398523E-01	-2.42848515180459E-02	-9.84785384848630E-01	1.13311713945591E-02
-4.84630107675752E-01	-7.27336460076351E-01	4.85917001737735E-01	1.16236736090008E-02
4.37720884915111E-01	-8.02807468385332E-01	4.04846385205382E-01	1.09368163813549E-02
